2.75904484255267423709057084124652e-01
3.64407117768724628237286822241003e-02
3.64407117768724628237286822241003e-02
4.34390308763297136596115421980357e-02
3.64407117768724628237286822241003e-02
3.64407117768724628237286822241003e-02
4.34390308763297136596115421980357e-02
3.79065952813893644601783705638809e-02
3.79065952813893644601783705638809e-02
4.57143672714776377885570468606602e-02
4.57143672714776377885570468606602e-02
3.79065952813893713990722744711093e-02
3.79065952813893644601783705638809e-02
3.79065952813893644601783705638809e-02
3.79065952813893713990722744711093e-02
3.60323044519545790387304862179008e-02
3.60323044519545790387304862179008e-02
3.60323044519545720998365823106724e-02
3.60323044519545720998365823106724e-02
3.60323044519545790387304862179008e-02
3.60323044519545790387304862179008e-02
3.60323044519545720998365823106724e-02
3.60323044519545790387304862179008e-02
3.60323044519545790387304862179008e-02
3.60323044519545720998365823106724e-02
3.64407117768724697626225861313287e-02
3.64407117768724697626225861313287e-02
4.34390308763297067207176382908074e-02
3.64407117768724697626225861313287e-02
4.34390308763296859040359265691222e-02
3.64407117768724558848347783168720e-02
4.34390308763297067207176382908074e-02
3.64407117768724697626225861313287e-02
3.64407117768724697626225861313287e-02
3.64407117768724558848347783168720e-02
3.64407117768724697626225861313287e-02
4.34390308763296859040359265691222e-02
4.34390308763297067207176382908074e-02
3.64407117768724697626225861313287e-02
3.64407117768724697626225861313287e-02
3.64407117768724558848347783168720e-02
3.64407117768724697626225861313287e-02
4.34390308763296859040359265691222e-02
3.64407117768724697626225861313287e-02
3.64407117768724697626225861313287e-02
4.34390308763297067207176382908074e-02
3.64407117768724697626225861313287e-02
4.34390308763296859040359265691222e-02
3.64407117768724558848347783168720e-02
3.79065952813893644601783705638809e-02
3.79065952813893713990722744711093e-02
3.79065952813893713990722744711093e-02
3.79065952813893644601783705638809e-02
3.79065952813893644601783705638809e-02
3.79065952813893713990722744711093e-02
3.79065952813893713990722744711093e-02
3.79065952813893644601783705638809e-02
4.57143672714776169718753351389751e-02
4.57143672714776169718753351389751e-02
3.60323044519545720998365823106724e-02
3.60323044519545790387304862179008e-02
3.60323044519545790387304862179008e-02
3.60323044519545720998365823106724e-02
3.60323044519545790387304862179008e-02
4.57143672714776377885570468606602e-02
3.60323044519545790387304862179008e-02
3.60323044519545720998365823106724e-02
3.60323044519545720998365823106724e-02
3.60323044519545790387304862179008e-02
3.60323044519545790387304862179008e-02
3.64407117768724697626225861313287e-02
3.64407117768724558848347783168720e-02
4.34390308763297067207176382908074e-02
4.34390308763296859040359265691222e-02
3.64407117768724697626225861313287e-02
3.64407117768724697626225861313287e-02
3.64407117768724558848347783168720e-02
4.34390308763296859040359265691222e-02
3.64407117768724697626225861313287e-02
3.64407117768724697626225861313287e-02
4.34390308763297067207176382908074e-02
3.64407117768724697626225861313287e-02
3.64407117768724558848347783168720e-02
4.34390308763296859040359265691222e-02
3.64407117768724697626225861313287e-02
3.64407117768724697626225861313287e-02
4.34390308763297067207176382908074e-02
3.64407117768724697626225861313287e-02
3.64407117768724697626225861313287e-02
3.64407117768724558848347783168720e-02
4.34390308763297067207176382908074e-02
4.34390308763296859040359265691222e-02
3.64407117768724697626225861313287e-02
3.64407117768724697626225861313287e-02
3.79065952813893713990722744711093e-02
3.79065952813893644601783705638809e-02
3.79065952813893644601783705638809e-02
3.79065952813893713990722744711093e-02
4.57143672714776169718753351389751e-02
4.57143672714776169718753351389751e-02
4.34390308763296859040359265691222e-02
3.64407117768724697626225861313287e-02
3.64407117768724558848347783168720e-02
3.64407117768724697626225861313287e-02
3.64407117768724697626225861313287e-02
4.34390308763297067207176382908074e-02
3.64407117768724697626225861313287e-02
3.64407117768724697626225861313287e-02
4.34390308763296859040359265691222e-02
4.34390308763297067207176382908074e-02
3.64407117768724558848347783168720e-02
3.64407117768724697626225861313287e-02
3.64407117768724697626225861313287e-02
3.64407117768724697626225861313287e-02
4.34390308763296859040359265691222e-02
4.34390308763297067207176382908074e-02
3.64407117768724558848347783168720e-02
3.64407117768724697626225861313287e-02
4.34390308763296859040359265691222e-02
3.64407117768724697626225861313287e-02
3.64407117768724558848347783168720e-02
3.64407117768724697626225861313287e-02
3.64407117768724697626225861313287e-02
4.34390308763297067207176382908074e-02
3.79065952813893644601783705638809e-02
3.79065952813893644601783705638809e-02
4.57143672714776377885570468606602e-02
3.79065952813893713990722744711093e-02
3.79065952813893644601783705638809e-02
3.79065952813893644601783705638809e-02
3.79065952813893713990722744711093e-02
4.57143672714776377885570468606602e-02
3.79065952813893644601783705638809e-02
3.79065952813893713990722744711093e-02
3.79065952813893713990722744711093e-02
3.79065952813893644601783705638809e-02
3.64407117768724628237286822241003e-02
4.34390308763297136596115421980357e-02
3.64407117768724628237286822241003e-02
3.64407117768724628237286822241003e-02
4.34390308763297136596115421980357e-02
3.64407117768724628237286822241003e-02
4.57143672714776377885570468606602e-02
3.60323044519545790387304862179008e-02
3.60323044519545720998365823106724e-02
3.60323044519545790387304862179008e-02
3.60323044519545790387304862179008e-02
3.60323044519545720998365823106724e-02
3.60323044519545720998365823106724e-02
3.60323044519545790387304862179008e-02
3.60323044519545790387304862179008e-02
3.60323044519545720998365823106724e-02
3.60323044519545790387304862179008e-02
3.79065952813893644601783705638809e-02
3.79065952813893644601783705638809e-02
4.34390308763297136596115421980357e-02
3.64407117768724628237286822241003e-02
3.64407117768724628237286822241003e-02
3.64407117768724628237286822241003e-02
3.64407117768724628237286822241003e-02
4.34390308763297136596115421980357e-02
3.64407117768724628237286822241003e-02
4.34390308763297136596115421980357e-02
3.64407117768724628237286822241003e-02
3.64407117768724628237286822241003e-02
4.34390308763297136596115421980357e-02
3.64407117768724628237286822241003e-02
3.79065952813893644601783705638809e-02
3.79065952813893644601783705638809e-02
3.60323044519545720998365823106724e-02
3.60323044519545790387304862179008e-02
3.60323044519545790387304862179008e-02
3.60323044519545720998365823106724e-02
3.60323044519545790387304862179008e-02
3.60323044519545790387304862179008e-02
3.60323044519545720998365823106724e-02
3.60323044519545790387304862179008e-02
3.60323044519545790387304862179008e-02
3.60323044519545720998365823106724e-02
4.57143672714776377885570468606602e-02
3.64407117768724628237286822241003e-02
3.64407117768724628237286822241003e-02
4.34390308763297136596115421980357e-02
4.34390308763297136596115421980357e-02
3.64407117768724628237286822241003e-02
3.64407117768724628237286822241003e-02
3.79065952813893713990722744711093e-02
3.79065952813893644601783705638809e-02
3.79065952813893644601783705638809e-02
3.79065952813893713990722744711093e-02
4.57143672714776377885570468606602e-02
3.79065952813893644601783705638809e-02
3.79065952813893713990722744711093e-02
3.79065952813893713990722744711093e-02
3.79065952813893644601783705638809e-02
4.57143672714776377885570468606602e-02
3.79065952813893644601783705638809e-02
3.79065952813893644601783705638809e-02
3.64407117768724697626225861313287e-02
3.64407117768724558848347783168720e-02
4.34390308763297067207176382908074e-02
4.34390308763296859040359265691222e-02
3.64407117768724697626225861313287e-02
3.64407117768724697626225861313287e-02
4.34390308763297067207176382908074e-02
3.64407117768724697626225861313287e-02
3.64407117768724697626225861313287e-02
3.64407117768724558848347783168720e-02
3.64407117768724697626225861313287e-02
4.34390308763296859040359265691222e-02
4.34390308763297067207176382908074e-02
3.64407117768724697626225861313287e-02
3.64407117768724697626225861313287e-02
3.64407117768724558848347783168720e-02
3.64407117768724697626225861313287e-02
4.34390308763296859040359265691222e-02
3.64407117768724697626225861313287e-02
3.64407117768724558848347783168720e-02
4.34390308763297067207176382908074e-02
4.34390308763296859040359265691222e-02
3.64407117768724697626225861313287e-02
3.64407117768724697626225861313287e-02
4.57143672714776169718753351389751e-02
4.57143672714776169718753351389751e-02
3.79065952813893644601783705638809e-02
3.79065952813893713990722744711093e-02
3.79065952813893713990722744711093e-02
3.79065952813893644601783705638809e-02
3.64407117768724697626225861313287e-02
4.34390308763297067207176382908074e-02
3.64407117768724697626225861313287e-02
3.64407117768724697626225861313287e-02
4.34390308763296859040359265691222e-02
3.64407117768724558848347783168720e-02
3.64407117768724697626225861313287e-02
3.64407117768724697626225861313287e-02
4.34390308763296859040359265691222e-02
4.34390308763297067207176382908074e-02
3.64407117768724558848347783168720e-02
3.64407117768724697626225861313287e-02
3.64407117768724697626225861313287e-02
3.64407117768724697626225861313287e-02
4.34390308763296859040359265691222e-02
4.34390308763297067207176382908074e-02
3.64407117768724558848347783168720e-02
3.64407117768724697626225861313287e-02
3.64407117768724697626225861313287e-02
4.34390308763297067207176382908074e-02
3.64407117768724697626225861313287e-02
3.64407117768724697626225861313287e-02
4.34390308763296859040359265691222e-02
3.64407117768724558848347783168720e-02
3.60323044519545790387304862179008e-02
3.60323044519545720998365823106724e-02
3.60323044519545790387304862179008e-02
3.60323044519545790387304862179008e-02
3.60323044519545720998365823106724e-02
4.57143672714776377885570468606602e-02
3.60323044519545790387304862179008e-02
3.60323044519545790387304862179008e-02
3.60323044519545720998365823106724e-02
3.60323044519545720998365823106724e-02
3.60323044519545790387304862179008e-02
4.57143672714776169718753351389751e-02
4.57143672714776169718753351389751e-02
3.79065952813893713990722744711093e-02
3.79065952813893644601783705638809e-02
3.79065952813893644601783705638809e-02
3.79065952813893713990722744711093e-02
3.79065952813893713990722744711093e-02
3.79065952813893644601783705638809e-02
3.79065952813893644601783705638809e-02
3.79065952813893713990722744711093e-02
4.34390308763296859040359265691222e-02
3.64407117768724697626225861313287e-02
3.64407117768724558848347783168720e-02
3.64407117768724697626225861313287e-02
3.64407117768724697626225861313287e-02
4.34390308763297067207176382908074e-02
3.64407117768724558848347783168720e-02
4.34390308763296859040359265691222e-02
3.64407117768724697626225861313287e-02
4.34390308763297067207176382908074e-02
3.64407117768724697626225861313287e-02
3.64407117768724697626225861313287e-02
3.64407117768724558848347783168720e-02
4.34390308763296859040359265691222e-02
3.64407117768724697626225861313287e-02
4.34390308763297067207176382908074e-02
3.64407117768724697626225861313287e-02
3.64407117768724697626225861313287e-02
4.34390308763296859040359265691222e-02
3.64407117768724697626225861313287e-02
3.64407117768724558848347783168720e-02
3.64407117768724697626225861313287e-02
3.64407117768724697626225861313287e-02
4.34390308763297067207176382908074e-02
3.60323044519545790387304862179008e-02
3.60323044519545720998365823106724e-02
3.60323044519545720998365823106724e-02
3.60323044519545790387304862179008e-02
3.60323044519545790387304862179008e-02
3.60323044519545720998365823106724e-02
3.60323044519545790387304862179008e-02
3.60323044519545790387304862179008e-02
3.60323044519545720998365823106724e-02
3.60323044519545790387304862179008e-02
3.79065952813893644601783705638809e-02
3.79065952813893713990722744711093e-02
3.79065952813893713990722744711093e-02
3.79065952813893644601783705638809e-02
4.57143672714776377885570468606602e-02
4.57143672714776377885570468606602e-02
3.79065952813893644601783705638809e-02
3.79065952813893644601783705638809e-02
3.64407117768724628237286822241003e-02
4.34390308763297136596115421980357e-02
4.34390308763297136596115421980357e-02
3.64407117768724628237286822241003e-02
3.64407117768724628237286822241003e-02
3.64407117768724628237286822241003e-02
1.23298485952346581484562193509191e+01
4.04704467997883465812947179074399e+00
1.00594081538638002726315789914224e+00
