0
3
0
2
2
1
0
1
0
4
1
2
1
3
0
10
3
3
0
2
1
3
1
2
0
6
1
5
2
1
2
6
1
13
3
3
0
4
2
3
2
1
3
4
2
8
3
2
4
2
3
7
3
1
0
5
4
5
1
2
5
1
4
6
3
1
6
5
5
9
3
1
1
9
6
14
2
3
5
9
6
37
3
3
2
8
7
19
2
3
4
8
7
31
3
3
3
11
8
26
1
3
11
4
8
30
3
3
5
14
9
36
2
3
6
14
9
44
3
3
7
1
10
15
2
3
7
3
10
24
1
3
8
20
11
20
2
3
8
28
11
34
1
3
28
20
11
75
3
3
9
21
12
16
2
3
9
29
12
40
1
3
29
21
12
81
3
3
10
2
13
21
2
3
10
6
13
42
1
3
12
1
14
15
1
2
12
9
14
16
2
1
12
7
15
17
1
2
12
21
16
18
2
1
12
19
17
18
1
2
19
7
17
48
3
2
21
19
18
50
3
2
13
8
19
20
2
1
13
2
19
21
1
2
13
20
20
22
2
1
13
10
21
23
1
2
13
22
22
23
2
1
20
22
22
49
3
2
22
10
23
51
3
2
15
7
24
25
2
1
15
3
24
26
1
2
15
27
25
28
2
1
7
27
25
48
3
3
15
11
26
27
1
2
15
23
27
29
1
2
23
11
27
53
3
3
15
31
28
29
2
1
27
31
28
57
3
1
31
23
29
52
3
1
16
4
30
31
1
2
16
11
30
32
2
1
16
8
31
34
1
2
16
24
32
33
2
1
11
24
32
53
3
1
16
32
33
35
2
1
24
32
33
94
3
3
16
28
34
35
1
2
32
28
35
97
3
3
17
5
36
37
1
2
17
14
36
38
2
1
17
9
37
40
1
2
17
25
38
39
2
1
14
25
38
54
3
1
17
33
39
41
2
1
25
33
39
95
3
3
17
29
40
41
1
2
33
29
41
98
3
3
18
10
42
43
2
1
18
6
42
44
1
2
18
30
43
46
2
1
10
30
43
51
3
3
18
14
44
45
1
2
18
26
45
47
1
2
26
14
45
54
3
3
18
34
46
47
2
1
30
34
46
56
3
2
34
26
47
55
3
1
19
27
48
70
1
3
20
37
49
77
1
3
37
22
49
87
3
3
36
19
50
69
3
3
21
36
50
83
1
3
22
30
51
88
1
3
23
43
52
58
2
3
31
43
52
100
3
3
24
23
53
59
2
3
25
26
54
64
2
3
26
46
55
65
2
3
34
46
55
118
3
3
30
50
56
90
1
3
50
34
56
117
3
3
27
47
57
72
3
3
31
47
57
99
2
3
35
23
58
59
1
2
35
43
58
60
2
1
35
24
59
61
1
2
35
55
60
62
2
1
43
55
60
93
3
2
35
44
61
62
1
2
44
24
61
94
3
2
55
44
62
123
3
2
37
58
63
79
1
3
37
60
63
89
2
3
58
60
63
161
3
3
38
26
64
65
2
1
38
25
64
66
1
2
38
46
65
67
2
1
38
45
66
68
1
2
45
25
66
95
3
2
38
56
67
68
2
1
46
56
67
96
3
2
56
45
68
124
3
2
39
19
69
70
1
2
39
36
69
71
2
1
39
27
70
72
1
2
39
57
71
73
2
1
36
57
71
125
3
3
39
47
72
74
1
2
39
61
73
74
2
1
57
61
73
126
3
1
61
47
74
131
3
3
40
28
75
76
2
1
40
20
75
77
1
2
40
48
76
78
2
1
28
48
76
97
3
1
40
37
77
79
1
2
40
62
78
80
2
1
48
62
78
127
3
1
40
58
79
80
1
2
62
58
80
153
3
3
41
29
81
82
2
1
41
21
81
83
1
2
41
49
82
84
2
1
29
49
82
98
3
1
41
36
83
85
1
2
41
63
84
86
2
1
49
63
84
128
3
1
41
59
85
86
1
2
59
36
85
125
3
2
63
59
86
166
3
3
42
22
87
88
1
2
42
37
87
89
2
1
42
30
88
90
1
2
42
60
89
91
2
1
42
50
90
92
1
2
42
64
91
92
2
1
60
64
91
129
3
1
64
50
92
134
3
3
43
65
93
102
1
3
65
55
93
135
3
3
44
32
94
105
1
3
45
33
95
111
1
3
46
68
96
120
1
3
68
56
96
179
3
3
48
32
97
107
2
3
49
33
98
113
2
3
51
31
99
100
1
2
51
47
99
101
2
1
51
43
100
102
1
2
51
69
101
103
2
1
47
69
101
131
3
1
51
65
102
104
1
2
51
74
103
104
2
1
69
74
103
185
3
3
74
65
104
130
3
1
52
44
105
106
2
1
52
32
105
107
1
2
52
66
106
108
2
1
44
66
106
123
3
3
52
48
107
109
1
2
52
75
108
110
2
1
66
75
108
141
3
1
52
70
109
110
1
2
70
48
109
127
3
3
75
70
110
132
3
1
53
45
111
112
2
1
53
33
111
113
1
2
53
67
112
114
2
1
45
67
112
124
3
3
53
49
113
115
1
2
53
86
114
116
2
1
67
86
114
189
3
3
53
71
115
116
1
2
71
49
115
128
3
3
86
71
116
133
3
1
54
34
117
118
1
2
54
50
117
119
2
1
54
46
118
120
1
2
54
72
119
121
2
1
50
72
119
134
3
1
54
68
120
122
1
2
54
87
121
122
2
1
72
87
121
188
3
3
87
68
122
178
3
2
55
66
123
137
1
3
56
67
124
180
1
3
59
57
125
154
1
3
61
78
126
142
2
3
57
78
126
156
3
3
62
70
127
147
2
3
63
71
128
168
2
3
60
83
129
163
3
3
64
83
129
173
2
3
65
93
130
136
2
3
74
93
130
199
3
3
69
61
131
143
2
3
70
90
132
148
2
3
75
90
132
204
3
3
71
91
133
169
2
3
86
91
133
210
3
3
72
64
134
174
2
3
73
65
135
136
2
1
73
55
135
137
1
2
73
93
136
138
2
1
73
66
137
139
1
2
73
105
138
140
2
1
93
105
138
195
3
1
73
94
139
140
1
2
94
66
139
141
3
3
105
94
140
224
3
3
75
94
141
203
2
3
76
61
142
143
1
2
76
78
142
144
2
1
76
69
143
145
1
2
76
97
144
146
2
1
78
97
144
152
3
2
76
89
145
146
1
2
89
69
145
185
3
2
97
89
146
190
3
2
77
70
147
148
2
1
77
62
147
149
1
2
77
90
148
150
2
1
77
79
149
151
1
2
79
62
149
153
3
2
77
98
150
151
2
1
90
98
150
186
3
2
98
79
151
191
3
2
78
101
152
158
1
3
101
97
152
227
3
3
79
58
153
160
1
3
80
59
154
155
2
1
80
57
154
156
1
2
80
82
155
157
2
1
59
82
155
166
3
1
80
78
156
158
1
2
80
103
157
159
2
1
82
103
157
192
3
3
80
101
158
159
1
2
103
101
159
194
3
1
81
58
160
161
1
2
81
79
160
162
2
1
81
60
161
163
1
2
81
102
162
164
2
1
79
102
162
191
3
3
81
83
163
165
1
2
81
104
164
165
2
1
102
104
164
256
3
3
104
83
165
167
3
1
82
63
166
170
2
3
83
100
167
175
2
3
104
100
167
245
3
3
84
71
168
169
2
1
84
63
168
170
1
2
84
91
169
171
2
1
84
82
170
172
1
2
84
99
171
172
2
1
91
99
171
187
3
2
99
82
172
192
3
2
85
64
173
174
1
2
85
83
173
175
2
1
85
72
174
176
1
2
85
100
175
177
2
1
85
92
176
177
1
2
92
72
176
188
3
2
100
92
177
193
3
2
96
68
178
181
3
3
87
96
178
217
1
3
88
56
179
180
1
2
88
68
179
181
2
1
88
67
180
182
1
2
88
96
181
183
2
1
88
95
182
184
1
2
95
67
182
189
3
2
88
106
183
184
2
1
96
106
183
196
3
1
106
95
184
225
3
3
89
74
185
197
1
3
90
112
186
206
1
3
112
98
186
233
3
3
91
113
187
212
1
3
113
99
187
239
3
3
92
87
188
215
1
3
95
86
189
209
1
3
111
89
190
198
3
3
97
111
190
229
1
3
98
102
191
234
1
3
99
103
192
240
1
3
114
92
193
216
3
3
100
114
193
247
1
3
101
124
194
228
2
3
103
124
194
242
3
3
93
115
195
201
3
3
105
115
195
251
2
3
96
118
196
219
3
3
106
118
196
257
2
3
107
89
197
198
2
1
107
74
197
199
1
2
107
111
198
200
2
1
107
93
199
201
1
2
107
127
200
202
2
1
111
127
200
221
3
2
107
115
201
202
1
2
127
115
202
223
3
1
108
75
203
204
1
2
108
94
203
205
2
1
108
90
204
206
1
2
108
116
205
207
2
1
94
116
205
224
3
1
108
112
206
208
1
2
108
128
207
208
2
1
116
128
207
265
3
3
128
112
208
263
3
3
109
86
209
210
1
2
109
95
209
211
2
1
109
91
210
212
1
2
109
117
211
213
2
1
95
117
211
225
3
1
109
113
212
214
1
2
109
129
213
214
2
1
117
129
213
266
3
3
129
113
214
262
3
2
110
92
215
216
2
1
110
87
215
217
1
2
110
114
216
218
2
1
110
96
217
219
1
2
110
130
218
220
2
1
114
130
218
222
3
2
110
118
219
220
1
2
130
118
220
226
3
1
111
131
221
231
1
3
131
127
221
272
3
3
114
134
222
249
1
3
134
130
222
290
3
3
115
135
223
252
2
3
127
135
223
274
3
3
116
105
224
253
2
3
117
106
225
258
2
3
118
138
226
259
2
3
130
138
226
292
3
3
119
101
227
228
2
1
119
97
227
229
1
2
119
124
228
230
2
1
119
111
229
231
1
2
119
139
230
232
2
1
124
139
230
268
3
1
119
131
231
232
1
2
139
131
232
306
3
3
120
98
233
234
1
2
120
112
233
235
2
1
120
102
234
236
1
2
120
132
235
237
2
1
112
132
235
263
3
1
120
125
236
238
1
2
125
102
236
256
3
2
120
140
237
238
2
1
132
140
237
269
3
1
140
125
238
271
3
3
121
99
239
240
1
2
121
113
239
241
2
1
121
103
240
242
1
2
121
133
241
243
2
1
113
133
241
262
3
3
121
124
242
244
1
2
121
141
243
244
2
1
133
141
243
270
3
1
141
124
244
268
3
3
122
104
245
246
2
1
122
100
245
247
1
2
122
125
246
248
2
1
104
125
246
256
3
1
122
114
247
249
1
2
122
142
248
250
2
1
125
142
248
271
3
1
122
134
249
250
1
2
142
134
250
309
3
3
123
115
251
252
2
1
123
105
251
253
1
2
123
135
252
254
2
1
123
116
253
255
1
2
123
136
254
255
2
1
135
136
254
264
3
2
136
116
255
265
3
2
126
106
257
258
1
2
126
118
257
259
2
1
126
117
258
260
1
2
126
138
259
261
2
1
126
137
260
261
1
2
137
117
260
266
3
2
138
137
261
267
3
2
129
133
262
285
1
3
132
128
263
279
2
3
135
147
264
275
1
3
147
136
264
280
3
3
136
128
265
278
1
3
137
129
266
284
1
3
150
137
267
286
3
3
138
150
267
293
1
3
139
141
268
296
2
3
132
152
269
282
3
3
140
152
269
301
2
3
133
153
270
288
3
3
141
153
270
297
2
3
142
140
271
302
2
3
143
131
272
273
2
1
143
127
272
274
1
2
143
151
273
276
2
1
131
151
273
306
3
1
143
135
274
275
1
2
143
147
275
277
1
2
143
155
276
277
2
1
151
155
276
312
3
3
155
147
277
310
3
2
144
128
278
279
1
2
144
136
278
280
2
1
144
132
279
282
1
2
144
147
280
281
2
1
144
156
281
283
2
1
147
156
281
310
3
3
144
152
282
283
1
2
156
152
283
307
3
1
145
129
284
285
1
2
145
137
284
286
2
1
145
133
285
288
1
2
145
150
286
287
2
1
145
157
287
289
2
1
150
157
287
311
3
1
145
153
288
289
1
2
157
153
289
308
3
1
146
134
290
291
2
1
146
130
290
292
1
2
146
154
291
294
2
1
134
154
291
309
3
1
146
138
292
293
1
2
146
150
293
295
1
2
146
158
294
295
2
1
154
158
294
313
3
3
158
150
295
311
3
3
148
141
296
297
2
1
148
139
296
298
1
2
148
153
297
299
2
1
148
151
298
300
1
2
151
139
298
306
3
2
148
159
299
300
2
1
153
159
299
308
3
2
159
151
300
312
3
2
149
140
301
302
1
2
149
152
301
303
2
1
149
142
302
304
1
2
149
160
303
305
2
1
152
160
303
307
3
2
149
154
304
305
1
2
154
142
304
309
3
2
160
154
305
313
3
2
156
160
307
319
3
3
157
159
308
318
3
3
155
156
310
315
1
3
157
158
311
316
2
3
159
155
312
314
1
3
160
158
313
317
1
3
161
155
314
315
1
2
161
159
314
318
2
1
161
156
315
319
1
2
161
158
316
317
2
1
161
157
316
318
1
2
161
160
317
319
2
1
