0
1
3
0
2
6
0
3
4
0
4
2
0
5
1
0
6
5
1
5
9
2
4
8
3
11
4
5
6
14
7
3
1
8
28
20
9
29
21
10
6
2
12
1
9
12
7
1
12
9
21
12
19
7
12
21
19
13
2
8
13
8
20
13
10
2
13
20
22
13
22
10
15
3
7
15
7
27
15
11
3
15
23
11
15
27
31
15
31
23
16
4
11
16
8
4
16
11
24
16
24
32
16
28
8
16
32
28
17
5
14
17
9
5
17
14
25
17
25
33
17
29
9
17
33
29
18
6
10
18
10
30
18
14
6
18
26
14
18
30
34
18
34
26
19
27
7
20
37
22
21
36
19
22
30
10
23
31
43
24
11
23
25
14
26
26
34
46
30
50
34
31
27
47
35
23
43
35
24
23
35
43
55
35
44
24
35
55
44
37
58
60
38
25
26
38
26
46
38
45
25
38
46
56
38
56
45
39
19
36
39
27
19
39
36
57
39
47
27
39
57
61
39
61
47
40
20
28
40
28
48
40
37
20
40
48
62
40
58
37
40
62
58
41
21
29
41
29
49
41
36
21
41
49
63
41
59
36
41
63
59
42
22
37
42
30
22
42
37
60
42
50
30
42
60
64
42
64
50
43
65
55
44
32
24
45
33
25
46
68
56
48
28
32
49
29
33
51
31
47
51
43
31
51
47
69
51
65
43
51
69
74
51
74
65
52
32
44
52
44
66
52
48
32
52
66
75
52
70
48
52
75
70
53
33
45
53
45
67
53
49
33
53
67
86
53
71
49
53
86
71
54
34
50
54
46
34
54
50
72
54
68
46
54
72
87
54
87
68
55
66
44
56
67
45
59
57
36
61
57
78
62
48
70
63
49
71
64
60
83
65
74
93
69
47
61
70
75
90
71
86
91
72
50
64
73
55
65
73
65
93
73
66
55
73
93
105
73
94
66
73
105
94
75
66
94
76
61
78
76
69
61
76
78
97
76
89
69
76
97
89
77
62
70
77
70
90
77
79
62
77
90
98
77
98
79
78
101
97
79
58
62
80
57
59
80
59
82
80
78
57
80
82
103
80
101
78
80
103
101
81
58
79
81
60
58
81
79
102
81
83
60
81
102
104
81
104
83
82
59
63
83
104
100
84
63
71
84
71
91
84
82
63
84
91
99
84
99
82
85
64
83
85
72
64
85
83
100
85
92
72
85
100
92
87
96
68
88
56
68
88
67
56
88
68
96
88
95
67
88
96
106
88
106
95
89
74
69
90
112
98
91
113
99
92
87
72
95
86
67
97
111
89
98
102
79
99
103
82
100
114
92
101
103
124
105
93
115
106
96
118
107
74
89
107
89
111
107
93
74
107
111
127
107
115
93
107
127
115
108
75
94
108
90
75
108
94
116
108
112
90
108
116
128
108
128
112
109
86
95
109
91
86
109
95
117
109
113
91
109
117
129
109
129
113
110
87
92
110
92
114
110
96
87
110
114
130
110
118
96
110
130
118
111
131
127
114
134
130
115
127
135
116
94
105
117
95
106
118
130
138
119
97
101
119
101
124
119
111
97
119
124
139
119
131
111
119
139
131
120
98
112
120
102
98
120
112
132
120
125
102
120
132
140
120
140
125
121
99
113
121
103
99
121
113
133
121
124
103
121
133
141
121
141
124
122
100
104
122
104
125
122
114
100
122
125
142
122
134
114
122
142
134
123
105
115
123
115
135
123
116
105
123
135
136
123
136
116
125
104
102
126
106
118
126
117
106
126
118
138
126
137
117
126
138
137
129
133
113
132
112
128
135
147
136
136
128
116
137
129
117
138
150
137
139
124
141
140
132
152
141
133
153
142
125
140
143
127
131
143
131
151
143
135
127
143
147
135
143
151
155
143
155
147
144
128
136
144
132
128
144
136
147
144
147
156
144
152
132
144
156
152
145
129
137
145
133
129
145
137
150
145
150
157
145
153
133
145
157
153
146
130
134
146
134
154
146
138
130
146
150
138
146
154
158
146
158
150
148
139
141
148
141
153
148
151
139
148
153
159
148
159
151
149
140
152
149
142
140
149
152
160
149
154
142
149
160
154
151
131
139
152
156
160
153
157
159
154
134
142
155
156
147
157
150
158
159
155
151
160
158
154
161
155
159
161
156
155
161
157
158
161
158
160
161
159
157
161
160
156
