2.75904484255267423709057084124652e-01
2.00000000000000000000000000000000e+00
-1.00000000000000000000000000000000e+00
-9.61938357783917452614730336790672e-01
-9.61938357783917452614730336790672e-01
-9.51056516295153531181938433292089e-01
-9.51056516295153531181938433292089e-01
-9.51056516295153531181938433292089e-01
-9.51056516295153531181938433292089e-01
-8.62668480416186156389812822453678e-01
-8.62668480416186156389812822453678e-01
-8.62668480416186156389812822453678e-01
-8.62668480416186156389812822453678e-01
-8.50650808352039877746619822573848e-01
-8.50650808352039877746619822573848e-01
-8.50650808352039877746619822573848e-01
-8.50650808352039877746619822573848e-01
-8.09016994374947340240566973079694e-01
-8.09016994374947340240566973079694e-01
-8.09016994374947340240566973079694e-01
-8.09016994374947340240566973079694e-01
-7.02046444776163069967367391654989e-01
-7.02046444776163069967367391654989e-01
-7.02046444776163069967367391654989e-01
-7.02046444776163069967367391654989e-01
-6.93780477560449249097018764587119e-01
-6.93780477560449249097018764587119e-01
-6.93780477560449249097018764587119e-01
-6.93780477560449249097018764587119e-01
-6.88190960235586679516472941031680e-01
-6.88190960235586679516472941031680e-01
-6.88190960235586679516472941031680e-01
-6.88190960235586679516472941031680e-01
-5.87785252292473137103456792829093e-01
-5.87785252292473137103456792829093e-01
-5.87785252292473137103456792829093e-01
-5.87785252292473137103456792829093e-01
-5.25731112119133592308628522005165e-01
-5.25731112119133592308628522005165e-01
-5.25731112119133592308628522005165e-01
-5.25731112119133592308628522005165e-01
-5.00000000000000000000000000000000e-01
-5.00000000000000000000000000000000e-01
-5.00000000000000000000000000000000e-01
-5.00000000000000000000000000000000e-01
-4.33888564552694810938504588193609e-01
-4.33888564552694810938504588193609e-01
-4.33888564552694810938504588193609e-01
-4.33888564552694810938504588193609e-01
-4.25325404176019938873309911286924e-01
-4.25325404176019938873309911286924e-01
-4.25325404176019938873309911286924e-01
-4.25325404176019938873309911286924e-01
-3.09016994374947451262869435595348e-01
-3.09016994374947451262869435595348e-01
-3.09016994374947451262869435595348e-01
-3.09016994374947451262869435595348e-01
-2.73266528912671669004907926137093e-01
-2.73266528912671669004907926137093e-01
-2.62865556059566796154314261002582e-01
-2.62865556059566796154314261002582e-01
-2.62865556059566796154314261002582e-01
-2.62865556059566796154314261002582e-01
-2.59891913007754382647362945135683e-01
-2.59891913007754382647362945135683e-01
-2.59891913007754382647362945135683e-01
-2.59891913007754382647362945135683e-01
-1.62459848116453170474571265913255e-01
-1.62459848116453170474571265913255e-01
-1.62459848116453170474571265913255e-01
-1.62459848116453170474571265913255e-01
-1.60622035640023169689172277685429e-01
-1.60622035640023169689172277685429e-01
-1.60622035640023169689172277685429e-01
-1.60622035640023169689172277685429e-01
0.00000000000000000000000000000000e+00
0.00000000000000000000000000000000e+00
0.00000000000000000000000000000000e+00
0.00000000000000000000000000000000e+00
0.00000000000000000000000000000000e+00
0.00000000000000000000000000000000e+00
0.00000000000000000000000000000000e+00
0.00000000000000000000000000000000e+00
0.00000000000000000000000000000000e+00
0.00000000000000000000000000000000e+00
0.00000000000000000000000000000000e+00
0.00000000000000000000000000000000e+00
0.00000000000000000000000000000000e+00
0.00000000000000000000000000000000e+00
0.00000000000000000000000000000000e+00
0.00000000000000000000000000000000e+00
1.60622035640023169689172277685429e-01
1.60622035640023169689172277685429e-01
1.60622035640023169689172277685429e-01
1.60622035640023169689172277685429e-01
1.62459848116453170474571265913255e-01
1.62459848116453170474571265913255e-01
1.62459848116453170474571265913255e-01
1.62459848116453170474571265913255e-01
2.59891913007754382647362945135683e-01
2.59891913007754382647362945135683e-01
2.59891913007754382647362945135683e-01
2.59891913007754382647362945135683e-01
2.62865556059566796154314261002582e-01
2.62865556059566796154314261002582e-01
2.62865556059566796154314261002582e-01
2.62865556059566796154314261002582e-01
2.73266528912671669004907926137093e-01
2.73266528912671669004907926137093e-01
3.09016994374947451262869435595348e-01
3.09016994374947451262869435595348e-01
3.09016994374947451262869435595348e-01
3.09016994374947451262869435595348e-01
4.25325404176019938873309911286924e-01
4.25325404176019938873309911286924e-01
4.25325404176019938873309911286924e-01
4.25325404176019938873309911286924e-01
4.33888564552694810938504588193609e-01
4.33888564552694810938504588193609e-01
4.33888564552694810938504588193609e-01
4.33888564552694810938504588193609e-01
5.00000000000000000000000000000000e-01
5.00000000000000000000000000000000e-01
5.00000000000000000000000000000000e-01
5.00000000000000000000000000000000e-01
5.25731112119133592308628522005165e-01
5.25731112119133592308628522005165e-01
5.25731112119133592308628522005165e-01
5.25731112119133592308628522005165e-01
5.87785252292473137103456792829093e-01
5.87785252292473137103456792829093e-01
5.87785252292473137103456792829093e-01
5.87785252292473137103456792829093e-01
6.88190960235586679516472941031680e-01
6.88190960235586679516472941031680e-01
6.88190960235586679516472941031680e-01
6.88190960235586679516472941031680e-01
6.93780477560449249097018764587119e-01
6.93780477560449249097018764587119e-01
6.93780477560449249097018764587119e-01
6.93780477560449249097018764587119e-01
7.02046444776163069967367391654989e-01
7.02046444776163069967367391654989e-01
7.02046444776163069967367391654989e-01
7.02046444776163069967367391654989e-01
8.09016994374947340240566973079694e-01
8.09016994374947340240566973079694e-01
8.09016994374947340240566973079694e-01
8.09016994374947340240566973079694e-01
8.50650808352039877746619822573848e-01
8.50650808352039877746619822573848e-01
8.50650808352039877746619822573848e-01
8.50650808352039877746619822573848e-01
8.62668480416186156389812822453678e-01
8.62668480416186156389812822453678e-01
8.62668480416186156389812822453678e-01
8.62668480416186156389812822453678e-01
9.51056516295153531181938433292089e-01
9.51056516295153531181938433292089e-01
9.51056516295153531181938433292089e-01
9.51056516295153531181938433292089e-01
9.61938357783917452614730336790672e-01
9.61938357783917452614730336790672e-01
1.00000000000000000000000000000000e+00
0.00000000000000000000000000000000e+00
0.00000000000000000000000000000000e+00
0.00000000000000000000000000000000e+00
-2.62865556059566796154314261002582e-01
-2.62865556059566796154314261002582e-01
2.62865556059566796154314261002582e-01
2.62865556059566796154314261002582e-01
-2.59891913007754382647362945135683e-01
-2.59891913007754382647362945135683e-01
2.59891913007754382647362945135683e-01
2.59891913007754382647362945135683e-01
-5.25731112119133592308628522005165e-01
0.00000000000000000000000000000000e+00
0.00000000000000000000000000000000e+00
5.25731112119133592308628522005165e-01
-5.00000000000000000000000000000000e-01
-5.00000000000000000000000000000000e-01
5.00000000000000000000000000000000e-01
5.00000000000000000000000000000000e-01
-1.60622035640023169689172277685429e-01
-1.60622035640023169689172277685429e-01
1.60622035640023169689172277685429e-01
1.60622035640023169689172277685429e-01
-7.02046444776163069967367391654989e-01
-7.02046444776163069967367391654989e-01
7.02046444776163069967367391654989e-01
7.02046444776163069967367391654989e-01
-4.25325404176019938873309911286924e-01
-4.25325404176019938873309911286924e-01
4.25325404176019938873309911286924e-01
4.25325404176019938873309911286924e-01
-6.88190960235586679516472941031680e-01
-6.88190960235586679516472941031680e-01
6.88190960235586679516472941031680e-01
6.88190960235586679516472941031680e-01
-8.50650808352039877746619822573848e-01
0.00000000000000000000000000000000e+00
0.00000000000000000000000000000000e+00
8.50650808352039877746619822573848e-01
-3.09016994374947451262869435595348e-01
-3.09016994374947451262869435595348e-01
3.09016994374947451262869435595348e-01
3.09016994374947451262869435595348e-01
-8.62668480416186156389812822453678e-01
-8.62668480416186156389812822453678e-01
8.62668480416186156389812822453678e-01
8.62668480416186156389812822453678e-01
-5.87785252292473137103456792829093e-01
-5.87785252292473137103456792829093e-01
5.87785252292473137103456792829093e-01
5.87785252292473137103456792829093e-01
-8.09016994374947340240566973079694e-01
-8.09016994374947340240566973079694e-01
8.09016994374947340240566973079694e-01
8.09016994374947340240566973079694e-01
-9.61938357783917452614730336790672e-01
9.61938357783917452614730336790672e-01
-1.62459848116453170474571265913255e-01
-1.62459848116453170474571265913255e-01
1.62459848116453170474571265913255e-01
1.62459848116453170474571265913255e-01
-4.33888564552694810938504588193609e-01
-4.33888564552694810938504588193609e-01
4.33888564552694810938504588193609e-01
4.33888564552694810938504588193609e-01
-9.51056516295153531181938433292089e-01
-9.51056516295153531181938433292089e-01
9.51056516295153531181938433292089e-01
9.51056516295153531181938433292089e-01
-6.93780477560449249097018764587119e-01
-6.93780477560449249097018764587119e-01
6.93780477560449249097018764587119e-01
6.93780477560449249097018764587119e-01
-1.00000000000000000000000000000000e+00
-8.50650808352039877746619822573848e-01
-8.50650808352039877746619822573848e-01
-5.25731112119133592308628522005165e-01
-5.25731112119133592308628522005165e-01
-2.73266528912671669004907926137093e-01
-2.73266528912671669004907926137093e-01
0.00000000000000000000000000000000e+00
0.00000000000000000000000000000000e+00
2.73266528912671669004907926137093e-01
2.73266528912671669004907926137093e-01
5.25731112119133592308628522005165e-01
5.25731112119133592308628522005165e-01
8.50650808352039877746619822573848e-01
8.50650808352039877746619822573848e-01
1.00000000000000000000000000000000e+00
-6.93780477560449249097018764587119e-01
-6.93780477560449249097018764587119e-01
6.93780477560449249097018764587119e-01
6.93780477560449249097018764587119e-01
-9.51056516295153531181938433292089e-01
-9.51056516295153531181938433292089e-01
9.51056516295153531181938433292089e-01
9.51056516295153531181938433292089e-01
-4.33888564552694810938504588193609e-01
-4.33888564552694810938504588193609e-01
4.33888564552694810938504588193609e-01
4.33888564552694810938504588193609e-01
-1.62459848116453170474571265913255e-01
-1.62459848116453170474571265913255e-01
1.62459848116453170474571265913255e-01
1.62459848116453170474571265913255e-01
-9.61938357783917452614730336790672e-01
9.61938357783917452614730336790672e-01
-8.09016994374947340240566973079694e-01
-8.09016994374947340240566973079694e-01
8.09016994374947340240566973079694e-01
8.09016994374947340240566973079694e-01
-5.87785252292473137103456792829093e-01
-5.87785252292473137103456792829093e-01
5.87785252292473137103456792829093e-01
5.87785252292473137103456792829093e-01
-8.62668480416186156389812822453678e-01
-8.62668480416186156389812822453678e-01
8.62668480416186156389812822453678e-01
8.62668480416186156389812822453678e-01
-3.09016994374947451262869435595348e-01
-3.09016994374947451262869435595348e-01
3.09016994374947451262869435595348e-01
3.09016994374947451262869435595348e-01
-8.50650808352039877746619822573848e-01
0.00000000000000000000000000000000e+00
0.00000000000000000000000000000000e+00
8.50650808352039877746619822573848e-01
-6.88190960235586679516472941031680e-01
-6.88190960235586679516472941031680e-01
6.88190960235586679516472941031680e-01
6.88190960235586679516472941031680e-01
-4.25325404176019938873309911286924e-01
-4.25325404176019938873309911286924e-01
4.25325404176019938873309911286924e-01
4.25325404176019938873309911286924e-01
-7.02046444776163069967367391654989e-01
-7.02046444776163069967367391654989e-01
7.02046444776163069967367391654989e-01
7.02046444776163069967367391654989e-01
-1.60622035640023169689172277685429e-01
-1.60622035640023169689172277685429e-01
1.60622035640023169689172277685429e-01
1.60622035640023169689172277685429e-01
-5.00000000000000000000000000000000e-01
-5.00000000000000000000000000000000e-01
5.00000000000000000000000000000000e-01
5.00000000000000000000000000000000e-01
-5.25731112119133592308628522005165e-01
0.00000000000000000000000000000000e+00
0.00000000000000000000000000000000e+00
5.25731112119133592308628522005165e-01
-2.59891913007754382647362945135683e-01
-2.59891913007754382647362945135683e-01
2.59891913007754382647362945135683e-01
2.59891913007754382647362945135683e-01
-2.62865556059566796154314261002582e-01
-2.62865556059566796154314261002582e-01
2.62865556059566796154314261002582e-01
2.62865556059566796154314261002582e-01
0.00000000000000000000000000000000e+00
0.00000000000000000000000000000000e+00
0.00000000000000000000000000000000e+00
0.00000000000000000000000000000000e+00
-2.73266528912671669004907926137093e-01
2.73266528912671669004907926137093e-01
-1.62459848116453170474571265913255e-01
1.62459848116453170474571265913255e-01
-1.62459848116453170474571265913255e-01
1.62459848116453170474571265913255e-01
-4.33888564552694810938504588193609e-01
4.33888564552694810938504588193609e-01
-4.33888564552694810938504588193609e-01
4.33888564552694810938504588193609e-01
0.00000000000000000000000000000000e+00
-5.25731112119133592308628522005165e-01
5.25731112119133592308628522005165e-01
0.00000000000000000000000000000000e+00
-3.09016994374947451262869435595348e-01
3.09016994374947451262869435595348e-01
-3.09016994374947451262869435595348e-01
3.09016994374947451262869435595348e-01
-6.93780477560449249097018764587119e-01
6.93780477560449249097018764587119e-01
-6.93780477560449249097018764587119e-01
6.93780477560449249097018764587119e-01
-1.60622035640023169689172277685429e-01
1.60622035640023169689172277685429e-01
-1.60622035640023169689172277685429e-01
1.60622035640023169689172277685429e-01
-5.87785252292473137103456792829093e-01
5.87785252292473137103456792829093e-01
-5.87785252292473137103456792829093e-01
5.87785252292473137103456792829093e-01
-4.25325404176019938873309911286924e-01
4.25325404176019938873309911286924e-01
-4.25325404176019938873309911286924e-01
4.25325404176019938873309911286924e-01
0.00000000000000000000000000000000e+00
-8.50650808352039877746619822573848e-01
8.50650808352039877746619822573848e-01
0.00000000000000000000000000000000e+00
-8.09016994374947340240566973079694e-01
8.09016994374947340240566973079694e-01
-8.09016994374947340240566973079694e-01
8.09016994374947340240566973079694e-01
-2.59891913007754382647362945135683e-01
2.59891913007754382647362945135683e-01
-2.59891913007754382647362945135683e-01
2.59891913007754382647362945135683e-01
-6.88190960235586679516472941031680e-01
6.88190960235586679516472941031680e-01
-6.88190960235586679516472941031680e-01
6.88190960235586679516472941031680e-01
-5.00000000000000000000000000000000e-01
5.00000000000000000000000000000000e-01
-5.00000000000000000000000000000000e-01
5.00000000000000000000000000000000e-01
0.00000000000000000000000000000000e+00
0.00000000000000000000000000000000e+00
-9.51056516295153531181938433292089e-01
9.51056516295153531181938433292089e-01
-9.51056516295153531181938433292089e-01
9.51056516295153531181938433292089e-01
-8.62668480416186156389812822453678e-01
8.62668480416186156389812822453678e-01
-8.62668480416186156389812822453678e-01
8.62668480416186156389812822453678e-01
-2.62865556059566796154314261002582e-01
2.62865556059566796154314261002582e-01
-2.62865556059566796154314261002582e-01
2.62865556059566796154314261002582e-01
-7.02046444776163069967367391654989e-01
7.02046444776163069967367391654989e-01
-7.02046444776163069967367391654989e-01
7.02046444776163069967367391654989e-01
0.00000000000000000000000000000000e+00
-5.25731112119133592308628522005165e-01
5.25731112119133592308628522005165e-01
-8.50650808352039877746619822573848e-01
8.50650808352039877746619822573848e-01
-9.61938357783917452614730336790672e-01
9.61938357783917452614730336790672e-01
-1.00000000000000000000000000000000e+00
1.00000000000000000000000000000000e+00
-9.61938357783917452614730336790672e-01
9.61938357783917452614730336790672e-01
-8.50650808352039877746619822573848e-01
8.50650808352039877746619822573848e-01
-5.25731112119133592308628522005165e-01
5.25731112119133592308628522005165e-01
0.00000000000000000000000000000000e+00
-7.02046444776163069967367391654989e-01
7.02046444776163069967367391654989e-01
-7.02046444776163069967367391654989e-01
7.02046444776163069967367391654989e-01
-2.62865556059566796154314261002582e-01
2.62865556059566796154314261002582e-01
-2.62865556059566796154314261002582e-01
2.62865556059566796154314261002582e-01
-8.62668480416186156389812822453678e-01
8.62668480416186156389812822453678e-01
-8.62668480416186156389812822453678e-01
8.62668480416186156389812822453678e-01
-9.51056516295153531181938433292089e-01
9.51056516295153531181938433292089e-01
-9.51056516295153531181938433292089e-01
9.51056516295153531181938433292089e-01
0.00000000000000000000000000000000e+00
0.00000000000000000000000000000000e+00
-5.00000000000000000000000000000000e-01
5.00000000000000000000000000000000e-01
-5.00000000000000000000000000000000e-01
5.00000000000000000000000000000000e-01
-6.88190960235586679516472941031680e-01
6.88190960235586679516472941031680e-01
-6.88190960235586679516472941031680e-01
6.88190960235586679516472941031680e-01
-2.59891913007754382647362945135683e-01
2.59891913007754382647362945135683e-01
-2.59891913007754382647362945135683e-01
2.59891913007754382647362945135683e-01
-8.09016994374947340240566973079694e-01
8.09016994374947340240566973079694e-01
-8.09016994374947340240566973079694e-01
8.09016994374947340240566973079694e-01
0.00000000000000000000000000000000e+00
-8.50650808352039877746619822573848e-01
8.50650808352039877746619822573848e-01
0.00000000000000000000000000000000e+00
-4.25325404176019938873309911286924e-01
4.25325404176019938873309911286924e-01
-4.25325404176019938873309911286924e-01
4.25325404176019938873309911286924e-01
-5.87785252292473137103456792829093e-01
5.87785252292473137103456792829093e-01
-5.87785252292473137103456792829093e-01
5.87785252292473137103456792829093e-01
-1.60622035640023169689172277685429e-01
1.60622035640023169689172277685429e-01
-1.60622035640023169689172277685429e-01
1.60622035640023169689172277685429e-01
-6.93780477560449249097018764587119e-01
6.93780477560449249097018764587119e-01
-6.93780477560449249097018764587119e-01
6.93780477560449249097018764587119e-01
-3.09016994374947451262869435595348e-01
3.09016994374947451262869435595348e-01
-3.09016994374947451262869435595348e-01
3.09016994374947451262869435595348e-01
0.00000000000000000000000000000000e+00
-5.25731112119133592308628522005165e-01
5.25731112119133592308628522005165e-01
0.00000000000000000000000000000000e+00
-4.33888564552694810938504588193609e-01
4.33888564552694810938504588193609e-01
-4.33888564552694810938504588193609e-01
4.33888564552694810938504588193609e-01
-1.62459848116453170474571265913255e-01
1.62459848116453170474571265913255e-01
-1.62459848116453170474571265913255e-01
1.62459848116453170474571265913255e-01
-2.73266528912671669004907926137093e-01
2.73266528912671669004907926137093e-01
0.00000000000000000000000000000000e+00
