-1.61331175991980935169323174704914e-01
-1.97659337975714749502387235224887e-01
-1.89970659166500493997276066693303e-01
-1.97659337975714749502387235224887e-01
-1.61331175991980935169323174704914e-01
-1.89970659166500493997276066693303e-01
-1.61331175991980241279932783982076e-01
-1.80779680372119916365036829120072e-01
-1.89970659166501659731451923107670e-01
-1.61331175991980935169323174704914e-01
-1.89970659166501659731451923107670e-01
-1.80779680372119916365036829120072e-01
-1.19625500503607679059214774497377e-01
-1.89970659166500493997276066693303e-01
-1.19625500503607679059214774497377e-01
-1.89970659166500493997276066693303e-01
-1.80779680372118667364134125818964e-01
-1.80779680372118667364134125818964e-01
-1.80779680372118667364134125818964e-01
-1.80779680372118667364134125818964e-01
-1.19625500503607679059214774497377e-01
-1.89970659166501076864363994900486e-01
-1.19625500503607679059214774497377e-01
-1.89970659166500493997276066693303e-01
-1.89970659166501076864363994900486e-01
-1.19625500503607679059214774497377e-01
-1.89970659166500493997276066693303e-01
-1.89970659166501076864363994900486e-01
-1.19625500503607679059214774497377e-01
-1.89970659166501076864363994900486e-01
-1.99789118014030875336572989908746e-01
-1.99789118014029737357972749123292e-01
-1.99789118014029737357972749123292e-01
-1.99789118014029737357972749123292e-01
-1.99789118014029737357972749123292e-01
-1.19625500503608608870997898065980e-01
-1.19625500503606749247431650928775e-01
-1.99789118014029737357972749123292e-01
-1.99789118014030875336572989908746e-01
-1.99789118014029737357972749123292e-01
-1.99789118014029737357972749123292e-01
-1.99789118014029737357972749123292e-01
-1.19625500503606749247431650928775e-01
-1.19625500503608608870997898065980e-01
-1.97659337975712473545186753653979e-01
-1.61331175991978853501152002536401e-01
-1.61331175991978853501152002536401e-01
-1.89970659166501659731451923107670e-01
-1.61331175991978853501152002536401e-01
-1.97659337975713611523786994439433e-01
-1.89970659166500493997276066693303e-01
-1.61331175991980241279932783982076e-01
-1.80779680372121137610363916792267e-01
-1.89970659166501659731451923107670e-01
-1.61331175991978853501152002536401e-01
-1.61331175991978853501152002536401e-01
-1.97659337975712473545186753653979e-01
-1.97659337975713611523786994439433e-01
-1.89970659166500493997276066693303e-01
-1.61331175991979547390542393259238e-01
-1.89970659166501659731451923107670e-01
-1.61331175991978853501152002536401e-01
-1.80779680372121137610363916792267e-01
-1.61331175991978853501152002536401e-01
-1.61331175991978853501152002536401e-01
-1.97659337975712473545186753653979e-01
-1.97659337975713611523786994439433e-01
-1.89970659166500493997276066693303e-01
-1.61331175991979547390542393259238e-01
-1.89970659166501659731451923107670e-01
-1.61331175991978853501152002536401e-01
-1.80779680372121137610363916792267e-01
-1.97659337975712473545186753653979e-01
-1.61331175991978853501152002536401e-01
-1.61331175991978853501152002536401e-01
-1.89970659166501659731451923107670e-01
-1.61331175991978853501152002536401e-01
-1.97659337975713611523786994439433e-01
-1.89970659166500493997276066693303e-01
-1.61331175991980241279932783982076e-01
-1.80779680372121137610363916792267e-01
-1.89970659166501659731451923107670e-01
-1.89970659166502242598539851314854e-01
-1.89970659166501076864363994900486e-01
-1.89970659166501076864363994900486e-01
-1.89970659166501076864363994900486e-01
-1.89970659166501076864363994900486e-01
-1.89970659166502242598539851314854e-01
-1.19625500503608608870997898065980e-01
-1.89970659166501076864363994900486e-01
-1.19625500503607679059214774497377e-01
-1.19625500503607679059214774497377e-01
-1.19625500503608608870997898065980e-01
-1.89970659166501076864363994900486e-01
-1.80779680372120526987700372956169e-01
-1.80779680372120526987700372956169e-01
-1.80779680372120526987700372956169e-01
-1.80779680372120526987700372956169e-01
-1.99789118014029737357972749123292e-01
-1.99789118014029737357972749123292e-01
-1.99789118014029737357972749123292e-01
-1.99789118014030875336572989908746e-01
-1.19625500503606749247431650928775e-01
-1.99789118014029737357972749123292e-01
-1.19625500503605819435648527360172e-01
-1.19625500503606749247431650928775e-01
-1.80779680372119916365036829120072e-01
-1.80779680372119916365036829120072e-01
-1.80779680372119916365036829120072e-01
-1.99789118014029737357972749123292e-01
-1.99789118014029737357972749123292e-01
-1.99789118014029737357972749123292e-01
-1.99789118014029737357972749123292e-01
-1.19625500503605819435648527360172e-01
-1.99789118014030875336572989908746e-01
-1.19625500503606749247431650928775e-01
-1.19625500503606749247431650928775e-01
-1.97659337975713611523786994439433e-01
-1.61331175991979547390542393259238e-01
-1.61331175991978853501152002536401e-01
-1.61331175991978853501152002536401e-01
-1.80779680372119916365036829120072e-01
-1.61331175991978853501152002536401e-01
-1.97659337975712473545186753653979e-01
-1.89970659166500493997276066693303e-01
-1.89970659166501659731451923107670e-01
-1.61331175991978853501152002536401e-01
-1.97659337975713611523786994439433e-01
-1.61331175991978853501152002536401e-01
-1.80779680372121137610363916792267e-01
-1.61331175991979547390542393259238e-01
-1.97659337975712473545186753653979e-01
-1.89970659166500493997276066693303e-01
-1.61331175991978853501152002536401e-01
-1.89970659166500493997276066693303e-01
-1.61331175991978853501152002536401e-01
-1.97659337975713611523786994439433e-01
-1.61331175991978853501152002536401e-01
-1.80779680372121137610363916792267e-01
-1.61331175991979547390542393259238e-01
-1.97659337975712473545186753653979e-01
-1.89970659166500493997276066693303e-01
-1.61331175991978853501152002536401e-01
-1.80779680372119916365036829120072e-01
-1.89970659166500493997276066693303e-01
-1.97659337975713611523786994439433e-01
-1.61331175991979547390542393259238e-01
-1.61331175991978853501152002536401e-01
-1.61331175991978853501152002536401e-01
-1.61331175991978853501152002536401e-01
-1.97659337975712473545186753653979e-01
-1.89970659166500493997276066693303e-01
-1.89970659166501659731451923107670e-01
-1.89970659166501076864363994900486e-01
-1.89970659166501076864363994900486e-01
-1.89970659166500493997276066693303e-01
-1.89970659166500493997276066693303e-01
-1.89970659166501076864363994900486e-01
-1.89970659166501076864363994900486e-01
-1.80779680372120526987700372956169e-01
-1.80779680372120526987700372956169e-01
-1.61331175991978853501152002536401e-01
-1.61331175991980241279932783982076e-01
-1.97659337975712473545186753653979e-01
-1.97659337975713611523786994439433e-01
-1.89970659166501659731451923107670e-01
-1.61331175991979547390542393259238e-01
-1.61331175991980935169323174704914e-01
-1.89970659166500493997276066693303e-01
-1.80779680372119916365036829120072e-01
-1.97659337975712473545186753653979e-01
-1.61331175991978853501152002536401e-01
-1.61331175991979547390542393259238e-01
-1.89970659166500493997276066693303e-01
-1.61331175991980241279932783982076e-01
-1.61331175991980241279932783982076e-01
-1.80779680372119916365036829120072e-01
-1.97659337975713611523786994439433e-01
-1.89970659166501659731451923107670e-01
-1.89970659166500493997276066693303e-01
-1.97659337975712473545186753653979e-01
-1.61331175991978853501152002536401e-01
-1.61331175991979547390542393259238e-01
-1.89970659166500493997276066693303e-01
-1.61331175991980241279932783982076e-01
-1.61331175991980241279932783982076e-01
-1.80779680372119916365036829120072e-01
-1.97659337975713611523786994439433e-01
-1.89970659166501659731451923107670e-01
-1.89970659166500493997276066693303e-01
-1.61331175991978853501152002536401e-01
-1.61331175991980241279932783982076e-01
-1.97659337975712473545186753653979e-01
-1.97659337975713611523786994439433e-01
-1.89970659166501659731451923107670e-01
-1.61331175991979547390542393259238e-01
-1.61331175991980935169323174704914e-01
-1.89970659166500493997276066693303e-01
-1.80779680372119916365036829120072e-01
-1.89970659166501076864363994900486e-01
-1.89970659166501076864363994900486e-01
-1.80779680372119916365036829120072e-01
-1.19625500503608608870997898065980e-01
-1.89970659166501076864363994900486e-01
-1.19625500503607679059214774497377e-01
-1.19625500503607679059214774497377e-01
-1.89970659166501076864363994900486e-01
-1.19625500503608608870997898065980e-01
-1.80779680372119916365036829120072e-01
-1.80779680372119916365036829120072e-01
-1.19625500503608608870997898065980e-01
-1.19625500503607679059214774497377e-01
-1.89970659166501076864363994900486e-01
-1.19625500503607679059214774497377e-01
-1.89970659166501076864363994900486e-01
-1.19625500503608608870997898065980e-01
-1.61331175991980935169323174704914e-01
-1.97659337975714749502387235224887e-01
-1.61331175991980241279932783982076e-01
-1.61331175991980935169323174704914e-01
-1.97659337975714749502387235224887e-01
-1.89970659166501659731451923107670e-01
-1.61331175991980241279932783982076e-01
-1.80779680372119916365036829120072e-01
-1.89970659166500493997276066693303e-01
-1.80779680372119916365036829120072e-01
-1.99789118014029737357972749123292e-01
-1.99789118014030875336572989908746e-01
-1.99789118014029737357972749123292e-01
-1.99789118014029737357972749123292e-01
-1.19625500503608608870997898065980e-01
-1.99789118014029737357972749123292e-01
-1.19625500503606749247431650928775e-01
-1.19625500503606749247431650928775e-01
-1.99789118014029737357972749123292e-01
-1.99789118014029737357972749123292e-01
-1.99789118014029737357972749123292e-01
-1.99789118014030875336572989908746e-01
-1.19625500503608608870997898065980e-01
-1.99789118014029737357972749123292e-01
-1.19625500503608608870997898065980e-01
-1.19625500503608608870997898065980e-01
-1.89970659166502242598539851314854e-01
-1.89970659166500493997276066693303e-01
-1.89970659166502242598539851314854e-01
-1.61331175991980241279932783982076e-01
-1.61331175991980241279932783982076e-01
-1.97659337975714749502387235224887e-01
-1.89970659166502825465627779522038e-01
-1.97659337975714749502387235224887e-01
-1.61331175991980935169323174704914e-01
-1.89970659166501659731451923107670e-01
-1.61331175991980935169323174704914e-01
-1.80779680372119916365036829120072e-01
-1.61331175991980935169323174704914e-01
-1.97659337975714749502387235224887e-01
-1.61331175991980241279932783982076e-01
-1.61331175991980935169323174704914e-01
-1.89970659166501659731451923107670e-01
-1.97659337975714749502387235224887e-01
-1.61331175991980241279932783982076e-01
-1.80779680372119916365036829120072e-01
-1.89970659166502825465627779522038e-01
-1.19625500503608608870997898065980e-01
-1.19625500503608608870997898065980e-01
-1.89970659166500493997276066693303e-01
-1.99789118014029737357972749123292e-01
-1.99789118014029737357972749123292e-01
-1.99789118014029737357972749123292e-01
-1.99789118014030875336572989908746e-01
-1.99789118014029737357972749123292e-01
-1.19625500503608608870997898065980e-01
-1.19625500503608608870997898065980e-01
-1.99789118014029737357972749123292e-01
-1.99789118014030875336572989908746e-01
-1.99789118014029737357972749123292e-01
-1.99789118014029737357972749123292e-01
-1.99789118014029737357972749123292e-01
-1.19625500503606749247431650928775e-01
-1.19625500503606749247431650928775e-01
-1.80779680372119916365036829120072e-01
-1.80779680372119916365036829120072e-01
-1.97659337975714749502387235224887e-01
-1.61331175991980935169323174704914e-01
-1.61331175991980935169323174704914e-01
-1.61331175991980241279932783982076e-01
-1.61331175991980241279932783982076e-01
-1.80779680372119916365036829120072e-01
-1.97659337975714749502387235224887e-01
-1.89970659166501659731451923107670e-01
-1.89970659166500493997276066693303e-01
-1.89970659166501076864363994900486e-01
-1.89970659166502242598539851314854e-01
-1.89970659166501076864363994900486e-01
-1.89970659166502242598539851314854e-01
-1.89970659166501076864363994900486e-01
-1.89970659166501076864363994900486e-01
-1.80779680372119916365036829120072e-01
-1.89970659166501076864363994900486e-01
-1.89970659166500493997276066693303e-01
-1.89970659166501076864363994900486e-01
-1.89970659166501076864363994900486e-01
-1.89970659166501076864363994900486e-01
-1.89970659166500493997276066693303e-01
-1.80779680372119916365036829120072e-01
-1.80779680372119916365036829120072e-01
-1.89970659166500493997276066693303e-01
-1.19625500503607679059214774497377e-01
-1.89970659166500493997276066693303e-01
-1.19625500503607679059214774497377e-01
-1.97659337975713611523786994439433e-01
-1.61331175991980935169323174704914e-01
-1.61331175991979547390542393259238e-01
-1.61331175991978853501152002536401e-01
-1.61331175991978853501152002536401e-01
-1.80779680372121137610363916792267e-01
-1.97659337975712473545186753653979e-01
-1.89970659166500493997276066693303e-01
-1.61331175991980241279932783982076e-01
-1.61331175991978853501152002536401e-01
-1.97659337975713611523786994439433e-01
-1.97659337975712473545186753653979e-01
-1.89970659166500493997276066693303e-01
-1.61331175991979547390542393259238e-01
-1.61331175991978853501152002536401e-01
-1.89970659166501659731451923107670e-01
-1.80779680372121137610363916792267e-01
-1.61331175991980241279932783982076e-01
-1.61331175991978853501152002536401e-01
-1.97659337975713611523786994439433e-01
-1.97659337975712473545186753653979e-01
-1.89970659166500493997276066693303e-01
-1.61331175991979547390542393259238e-01
-1.61331175991978853501152002536401e-01
-1.89970659166501659731451923107670e-01
-1.80779680372121137610363916792267e-01
-1.97659337975713611523786994439433e-01
-1.61331175991980935169323174704914e-01
-1.61331175991979547390542393259238e-01
-1.61331175991978853501152002536401e-01
-1.61331175991978853501152002536401e-01
-1.80779680372121137610363916792267e-01
-1.97659337975712473545186753653979e-01
-1.89970659166500493997276066693303e-01
-1.80779680372120526987700372956169e-01
-1.80779680372120526987700372956169e-01
-1.80779680372120526987700372956169e-01
-1.80779680372120526987700372956169e-01
-1.19625500503605819435648527360172e-01
-1.89970659166501076864363994900486e-01
-1.19625500503607679059214774497377e-01
-1.19625500503607679059214774497377e-01
-1.19625500503605819435648527360172e-01
-1.89970659166501076864363994900486e-01
-1.61331175991979547390542393259238e-01
-1.97659337975712473545186753653979e-01
-1.61331175991978853501152002536401e-01
-1.61331175991978853501152002536401e-01
-1.97659337975713611523786994439433e-01
-1.89970659166500493997276066693303e-01
-1.61331175991978853501152002536401e-01
-1.89970659166501659731451923107670e-01
-1.97659337975712473545186753653979e-01
-1.61331175991978853501152002536401e-01
-1.61331175991979547390542393259238e-01
-1.61331175991978853501152002536401e-01
-1.80779680372121137610363916792267e-01
-1.61331175991978853501152002536401e-01
-1.80779680372119916365036829120072e-01
-1.97659337975713611523786994439433e-01
-1.89970659166501659731451923107670e-01
-1.89970659166500493997276066693303e-01
-1.97659337975712473545186753653979e-01
-1.61331175991978853501152002536401e-01
-1.61331175991979547390542393259238e-01
-1.61331175991978853501152002536401e-01
-1.80779680372121137610363916792267e-01
-1.61331175991978853501152002536401e-01
-1.97659337975713611523786994439433e-01
-1.89970659166501659731451923107670e-01
-1.89970659166500493997276066693303e-01
-1.61331175991979547390542393259238e-01
-1.97659337975712473545186753653979e-01
-1.61331175991978853501152002536401e-01
-1.80779680372119916365036829120072e-01
-1.61331175991978853501152002536401e-01
-1.97659337975713611523786994439433e-01
-1.89970659166500493997276066693303e-01
-1.61331175991978853501152002536401e-01
-1.89970659166501659731451923107670e-01
-1.99789118014029737357972749123292e-01
-1.99789118014030875336572989908746e-01
-1.99789118014029737357972749123292e-01
-1.99789118014029737357972749123292e-01
-1.99789118014029737357972749123292e-01
-1.19625500503606749247431650928775e-01
-1.19625500503608608870997898065980e-01
-1.99789118014030875336572989908746e-01
-1.99789118014029737357972749123292e-01
-1.99789118014029737357972749123292e-01
-1.99789118014029737357972749123292e-01
-1.99789118014029737357972749123292e-01
-1.19625500503608608870997898065980e-01
-1.19625500503606749247431650928775e-01
-1.80779680372120526987700372956169e-01
-1.80779680372120526987700372956169e-01
-1.89970659166501076864363994900486e-01
-1.89970659166501076864363994900486e-01
-1.89970659166502242598539851314854e-01
-1.89970659166502242598539851314854e-01
-1.89970659166501076864363994900486e-01
-1.89970659166501076864363994900486e-01
-1.19625500503607679059214774497377e-01
-1.89970659166501076864363994900486e-01
-1.19625500503608608870997898065980e-01
-1.89970659166501076864363994900486e-01
-1.19625500503608608870997898065980e-01
-1.19625500503607679059214774497377e-01
-1.61331175991978853501152002536401e-01
-1.61331175991980241279932783982076e-01
-1.97659337975712473545186753653979e-01
-1.89970659166500493997276066693303e-01
-1.97659337975713611523786994439433e-01
-1.61331175991979547390542393259238e-01
-1.61331175991978853501152002536401e-01
-1.89970659166500493997276066693303e-01
-1.80779680372119277986797669655061e-01
-1.61331175991979547390542393259238e-01
-1.97659337975713611523786994439433e-01
-1.61331175991978853501152002536401e-01
-1.61331175991979547390542393259238e-01
-1.61331175991978853501152002536401e-01
-1.80779680372119277986797669655061e-01
-1.97659337975712473545186753653979e-01
-1.89970659166500493997276066693303e-01
-1.61331175991979547390542393259238e-01
-1.97659337975713611523786994439433e-01
-1.61331175991978853501152002536401e-01
-1.61331175991979547390542393259238e-01
-1.61331175991978853501152002536401e-01
-1.80779680372119277986797669655061e-01
-1.97659337975712473545186753653979e-01
-1.89970659166500493997276066693303e-01
-1.61331175991978853501152002536401e-01
-1.61331175991980241279932783982076e-01
-1.97659337975712473545186753653979e-01
-1.89970659166500493997276066693303e-01
-1.97659337975713611523786994439433e-01
-1.61331175991979547390542393259238e-01
-1.61331175991978853501152002536401e-01
-1.89970659166500493997276066693303e-01
-1.80779680372119277986797669655061e-01
-1.99789118014029737357972749123292e-01
-1.99789118014029737357972749123292e-01
-1.99789118014029737357972749123292e-01
-1.99789118014029737357972749123292e-01
-1.19625500503606749247431650928775e-01
-1.99789118014030875336572989908746e-01
-1.19625500503606749247431650928775e-01
-1.19625500503606749247431650928775e-01
-1.99789118014029737357972749123292e-01
-1.99789118014029737357972749123292e-01
-1.99789118014029737357972749123292e-01
-1.99789118014030875336572989908746e-01
-1.19625500503606749247431650928775e-01
-1.99789118014029737357972749123292e-01
-1.19625500503606749247431650928775e-01
-1.19625500503606749247431650928775e-01
-1.89970659166501076864363994900486e-01
-1.89970659166501076864363994900486e-01
-1.80779680372119916365036829120072e-01
-1.80779680372119916365036829120072e-01
-1.89970659166501076864363994900486e-01
-1.89970659166501076864363994900486e-01
-1.61331175991980935169323174704914e-01
-1.97659337975714749502387235224887e-01
-1.61331175991980241279932783982076e-01
-1.61331175991980241279932783982076e-01
-1.61331175991980241279932783982076e-01
-1.97659337975714749502387235224887e-01
