3.52396137604621462191545333553222e-01
6.25960298108141771633583516631916e-02
6.28557051188445015110772828847985e-02
6.28557051465963717573615099354356e-02
6.21418924030149658066513040921564e-02
6.23238937821444585751784472904546e-02
6.46727459755974121158317302615615e-02
6.21282100568752645997072647787718e-02
6.29225451298867782812251903123979e-02
6.21418923074918694293700127673219e-02
6.21047233335922654884342364312033e-02
6.01437412833604953532606884891720e-02
6.00914620959530909605206261403509e-02
6.58362276773628712911445859390369e-02
6.21418922856027677870116576741566e-02
5.94736200533195549788878508934431e-02
6.25960296052340825490034603717504e-02
6.21282100816021795597343668760004e-02
6.29225452215028402402907659052289e-02
6.21418923394953109928806611605978e-02
5.94814689319621212049149505673995e-02
6.01437413785034374891225184001087e-02
6.00914622866356162855794309507473e-02
6.58362277574281590242222250708437e-02
6.28557050952620044448337921494385e-02
6.00914621516730959593921568284713e-02
6.23238937718659999354109402247559e-02
6.36071228632000690295100753246516e-02
6.05581700068970676942292641342647e-02
6.16312680400036283501208345114719e-02
5.94814690280703606273249306468642e-02
6.43058426944115024692649740245542e-02
6.00914623397971123242022883914615e-02
6.58362276445124544599352134355286e-02
5.94736199975533438855102019715559e-02
6.29225453689731817341623809625162e-02
6.21047232914523975044751580298907e-02
6.43058425436320441059834251973371e-02
6.25960296485359307672169393299555e-02
5.94814687897217905798719073118264e-02
6.28557049640837139925508836313384e-02
6.21418923137335432738126428375836e-02
6.05581702271184713071150440555357e-02
6.16312679613229205677349398229126e-02
6.23238938584009180554623696934868e-02
6.36071229425188983119809904565045e-02
6.46727462179752660142995068781602e-02
6.01437415209228887214010228490224e-02
6.25960296159151080575000491990068e-02
6.29225453945259638466325213812524e-02
5.94736201332947481135171585719945e-02
6.21047235360571783790994970786414e-02
6.43058426726557386121641002318938e-02
6.21047234707095552330713417177321e-02
5.94736200423502600620473401704658e-02
6.29225452213242331112041938467883e-02
6.01437413499410836181802153532772e-02
5.94736201239938824802955252835091e-02
6.23238939423768414926918524088251e-02
6.16312677831633848324344171487610e-02
6.46727461363553468576270688572549e-02
6.01437414478957418917381971823488e-02
6.00914622682422461252826906275004e-02
6.25960296608212979352359184304078e-02
6.46727461172455497795397150184726e-02
6.16312679351072173483672145266610e-02
6.46727460714942997688226000718714e-02
6.00914622009655827183927101486915e-02
6.01437412368263715767291444080911e-02
6.21047235897391886050300513488764e-02
6.05581700913431567045996928300156e-02
6.58362275078121089721960856877558e-02
6.21418923311616092086673290850740e-02
6.21282100809692691689711807612184e-02
6.21047234070857823162725708243670e-02
6.43058425698409819037948409459204e-02
5.94736199728548783904891195106757e-02
6.29225451868939689159532235862571e-02
5.94814687938197278471719187109557e-02
6.25960296021368517438432377275603e-02
5.94736199766952161605004789635132e-02
6.29225452964126963362190281259245e-02
6.21418924760123378425724638418615e-02
6.28557051470960553851696772653668e-02
6.23238938690602595205092484320630e-02
6.36071230729104708512267052356037e-02
6.23238939232684807656426073663170e-02
6.36071229563104356685698803630657e-02
6.05581701463033389432055741963268e-02
6.16312680147110616979411190641258e-02
6.23238937916044816178740006762382e-02
6.16312680266580675825238699871989e-02
6.58362276803452217688317205102067e-02
6.05581702401091423459966733844340e-02
6.36071229574788066241097794772941e-02
6.28557049163642189704148677265039e-02
6.58362275718879230712587968810112e-02
6.00914621945695046068003364325705e-02
6.01437412484220751407448801728606e-02
6.46727461759551564002279633314174e-02
6.29225452954657316073650008547702e-02
6.25960298398634540362195366469678e-02
5.94814690044742425123480700221990e-02
6.58362277332123629891569294159126e-02
6.25960296586004910635026021736849e-02
5.94814689758307660327751875684044e-02
6.28557051325067256408729576833139e-02
5.94736199155106726177422160617425e-02
6.21418924928178878497320170026796e-02
6.29225451720268058597440585799632e-02
6.58362275099978189185634391833446e-02
6.00914622374918994118786486069439e-02
6.43058426673340233215014904999407e-02
6.21047236125267521078541221868363e-02
6.46727462205498315750418214520323e-02
6.16312680243581920147555308631127e-02
6.05581701752258214077606623959582e-02
6.36071230138372245566102947122999e-02
6.23238936473327134746291733335966e-02
6.16312679506240135296479820681270e-02
6.01437411858010625986814545740344e-02
6.46727461720205676343198319955263e-02
6.25960297730558806739153965281730e-02
6.28557049690717378753745947506104e-02
6.36071229060410081590504205450998e-02
6.05581700607218248455509979066846e-02
6.21418925950871781083151290658861e-02
6.21282101970724170980631129168614e-02
6.21418924030194413932193242544599e-02
6.28557050037882869553129694395466e-02
6.46727460227993350416753060017072e-02
6.01437412337976692877639095513587e-02
6.16312679935849469514685949889099e-02
6.05581701687392531807674345145642e-02
6.43058424504761166895505652973952e-02
6.43058425238729469697318563703448e-02
6.21047235533092253922937686638761e-02
5.94814688376445674378167893792124e-02
6.58362278715769883019603980756074e-02
6.00914623039315032304585884048720e-02
5.94814690752040048371540592597739e-02
6.58362278203547396371320132857363e-02
6.28557050743759199162852269182622e-02
6.25960297914992663814715001535660e-02
6.36071229932711618149099308539007e-02
6.05581701132688471345133507384162e-02
5.94814689266467619410683198566403e-02
6.43058426215666195657760795256763e-02
6.21047233942511184290324877110834e-02
6.43058425902526403783454611584602e-02
6.05581702176726313635590770445560e-02
6.16312679496548096458319321300223e-02
6.00914621190718617471659968032327e-02
6.58362277045556332222275841559167e-02
6.01437413438488110983826118172146e-02
6.46727461694250743695633332208672e-02
6.28557050541902612161848651339824e-02
5.94736200249324983846399561571161e-02
6.36071229895286832656253750428732e-02
6.23238937674359325114004093393305e-02
6.29225452355547248961542550205195e-02
6.21418924669867936416700615609443e-02
6.05581701329545099565798693674878e-02
6.36071230780852481245801754994318e-02
6.46727462568780220308894968184177e-02
6.16312681134258341653087143185985e-02
6.28557049290351665948861636934453e-02
6.36071228574570934899412577578914e-02
6.23238938596212058151913026904367e-02
6.21418923944130133230068224747811e-02
6.21047234042458110025997086722782e-02
6.43058426116798753646719433163526e-02
6.29225453244926652418556045631703e-02
5.94736200739989229191451158840209e-02
6.25960297918204261469199423117971e-02
5.94814689670744509153443857485399e-02
6.43058426192060078596668404316006e-02
5.94814689508392016592530637808522e-02
6.58362276245095107141125367888890e-02
6.00914622232208220364846340544318e-02
6.36071227663933952412023131728347e-02
6.23238935703866875348566622960789e-02
6.05581700697909799946394571179553e-02
6.16312681909293585968967477128899e-02
6.46727463087320431078808269376168e-02
6.01437412837546661603660425043927e-02
5.94736199887824570908811949720985e-02
6.29225453005020085583964828401804e-02
6.43058426257906018408405657282856e-02
6.21047235063432803703342699463974e-02
5.94814689753113343129165002665104e-02
6.25960296489745937620341464935336e-02
6.00914622993803521078248763842566e-02
6.01437413141017729323323237622390e-02
6.21047235285736090593111669022619e-02
5.94736199300482867857731150706968e-02
6.23238937065405049220423450151429e-02
1.21854703566973974204756814287975e+01
3.95966946320814949800137583224569e+00
1.01013245556877673259066341415746e+00
