49
66
0
1
2
2
49
24
0
29
1
3
24
66
0
159
3
1
66
92
1
3
1
3
92
49
1
26
3
1
21
52
2
8
1
3
21
65
2
37
2
1
52
65
2
162
3
1
21
66
3
6
2
1
21
92
3
34
1
3
19
95
4
20
1
3
19
22
4
49
2
3
95
22
4
123
3
1
80
64
5
42
1
3
80
38
5
55
2
3
64
38
5
58
3
1
21
1
6
8
2
2
66
1
6
160
3
1
52
1
7
8
3
1
98
1
7
62
2
3
98
52
7
194
1
3
8
83
9
11
3
1
69
83
9
79
2
3
69
8
9
175
1
3
97
83
10
11
2
2
97
13
10
63
1
3
13
83
10
83
3
1
8
97
11
12
3
1
97
94
12
87
2
3
8
94
12
189
3
1
99
35
13
16
3
1
96
35
13
54
2
1
96
99
13
94
1
3
36
90
14
85
3
1
68
90
14
99
2
1
68
36
14
147
1
3
10
12
15
17
3
1
42
10
15
19
1
3
42
12
15
105
2
3
35
12
16
18
2
2
99
12
16
107
3
1
12
51
17
18
2
1
10
51
17
56
3
1
51
35
18
141
3
1
41
42
19
22
2
1
41
10
19
134
1
3
86
19
20
21
2
1
86
95
20
113
1
3
86
41
21
22
2
2
19
41
21
50
3
1
42
86
22
115
3
1
59
57
23
125
3
1
25
59
23
173
1
3
25
57
23
179
2
3
87
14
24
91
1
3
14
67
24
130
3
1
87
67
24
169
2
3
48
92
25
26
1
3
92
72
25
33
3
1
48
72
25
60
2
1
49
48
26
27
2
3
88
48
27
28
2
2
88
49
27
32
1
3
64
88
28
45
3
1
48
64
28
59
1
3
54
24
29
30
1
3
54
49
29
32
2
1
16
24
30
68
1
3
16
54
30
74
2
3
88
54
31
32
2
2
88
77
31
46
1
3
77
54
31
73
3
1
92
33
33
34
3
1
72
33
33
35
2
2
33
21
34
37
2
2
33
11
35
36
1
3
11
72
35
61
3
1
6
33
36
38
2
2
6
11
36
51
1
3
65
33
37
38
3
1
65
6
38
95
3
1
82
84
39
40
3
1
63
84
39
44
2
3
63
82
39
47
1
3
82
76
40
72
3
1
84
76
40
76
2
1
45
80
41
42
1
2
45
63
41
44
2
1
80
63
41
137
3
1
45
64
42
45
1
3
84
45
43
44
2
2
77
45
43
46
3
1
84
77
43
75
1
3
88
45
45
46
2
2
85
82
47
48
1
3
85
63
47
136
2
1
22
85
48
49
2
2
22
82
48
71
1
3
85
19
49
50
1
3
41
85
50
133
2
3
58
6
51
52
2
2
58
11
51
139
1
3
40
58
52
53
3
1
6
40
52
96
1
3
58
96
53
54
2
2
40
96
53
89
3
1
35
58
54
142
3
1
78
38
55
57
2
2
78
80
55
138
1
3
51
78
56
57
2
3
10
78
56
135
3
1
38
51
57
143
1
3
64
31
58
59
3
1
38
31
58
144
2
3
31
48
59
60
2
2
72
31
60
61
3
2
11
31
61
140
3
1
50
98
62
145
1
3
50
1
62
155
2
1
0
13
63
64
1
3
0
97
63
88
2
1
7
0
64
65
2
3
7
13
64
69
1
3
27
7
65
67
1
3
27
0
65
150
2
3
7
46
66
67
3
1
16
46
66
68
2
2
16
7
66
70
1
3
46
27
67
158
2
1
46
24
68
156
1
3
47
7
69
70
2
1
47
13
69
84
1
3
47
16
70
77
2
1
39
82
71
72
1
3
39
22
71
122
2
1
76
39
72
81
2
3
54
44
73
74
2
2
77
44
73
75
3
1
44
16
74
77
1
3
44
84
75
76
2
2
76
44
76
78
3
1
47
44
77
78
2
2
76
47
78
82
3
1
70
69
79
80
1
3
70
83
79
83
2
2
39
70
80
81
2
2
39
69
80
121
1
3
70
76
81
82
1
3
47
70
82
84
2
2
13
70
83
84
3
1
90
71
85
86
2
3
36
71
85
153
3
1
94
71
86
87
2
2
94
90
86
128
1
3
71
97
87
88
1
3
0
71
88
154
2
3
96
28
89
93
2
3
40
28
89
97
3
1
14
28
90
92
3
1
56
28
90
98
2
3
56
14
90
129
1
3
20
14
91
92
1
3
20
87
91
104
2
1
28
20
92
93
2
2
20
96
93
94
1
2
20
99
94
103
1
3
6
32
95
96
2
2
65
32
95
161
3
1
32
40
96
97
1
3
28
32
97
98
2
2
32
56
98
164
1
3
68
81
99
100
2
2
90
81
99
127
3
1
17
68
100
101
3
1
81
17
100
165
1
3
17
37
101
102
3
1
68
37
101
148
2
3
17
9
102
132
3
1
37
9
102
191
2
1
30
20
103
104
2
2
30
99
103
108
1
3
87
30
104
111
3
1
26
12
105
107
2
2
26
42
105
116
1
3
30
26
106
108
2
2
30
43
106
112
1
3
43
26
106
117
3
1
99
26
107
108
3
1
5
79
109
110
3
1
25
79
109
174
2
3
25
5
109
181
1
3
79
43
110
112
2
1
5
43
110
119
3
1
30
79
111
112
2
2
87
79
111
170
3
1
89
95
113
114
1
3
89
86
113
118
2
1
3
95
114
124
1
3
3
89
114
183
2
3
42
15
115
116
3
1
86
15
115
118
2
3
15
26
116
117
2
2
43
15
117
119
3
2
89
15
118
120
2
2
5
15
119
120
3
1
5
89
120
182
3
1
73
39
121
122
2
2
73
69
121
176
1
3
22
73
122
123
3
2
95
73
123
124
3
1
73
3
124
177
2
1
59
61
125
126
3
1
57
61
125
186
2
3
61
81
126
127
2
2
59
81
126
168
3
1
90
61
127
128
3
1
61
94
128
190
2
1
75
14
129
130
1
3
75
56
129
131
2
1
67
75
130
167
2
3
75
9
131
132
2
2
56
9
131
163
3
1
17
75
132
166
3
1
18
41
133
134
1
2
18
85
133
136
2
2
18
10
134
135
1
3
78
18
135
138
2
2
63
18
136
137
3
2
80
18
137
138
3
1
91
11
139
140
1
3
91
58
139
142
2
2
31
91
140
144
2
2
35
91
141
142
2
3
51
91
141
143
3
1
91
38
143
144
2
1
23
98
145
146
1
3
23
50
145
152
2
1
37
23
146
148
2
2
37
98
146
193
1
3
23
68
147
148
2
1
23
36
147
151
1
3
27
2
149
150
3
1
50
2
149
152
2
3
50
27
149
157
1
3
2
0
150
154
2
1
2
23
151
152
2
2
2
36
151
153
1
3
71
2
153
154
2
2
50
53
155
157
2
2
1
53
155
160
3
2
53
46
156
158
2
2
53
24
156
159
1
3
53
27
157
158
1
3
66
53
159
160
2
3
65
29
161
162
3
2
32
29
161
164
2
2
52
29
162
195
3
1
56
29
163
164
3
1
9
29
163
192
2
3
60
17
165
166
1
3
60
81
165
168
2
2
75
60
166
167
2
2
60
67
167
172
1
3
59
60
168
171
3
1
55
87
169
170
1
3
55
67
169
172
2
1
79
55
170
174
2
2
60
55
171
172
2
2
59
55
171
173
3
1
55
25
173
174
2
1
4
69
175
176
2
1
4
8
175
187
1
3
4
73
176
177
2
2
3
4
177
178
3
1
3
34
178
184
3
1
4
34
178
188
2
1
74
57
179
180
2
1
74
25
179
181
1
2
74
34
180
184
2
2
57
34
180
185
3
1
74
5
181
182
1
3
89
74
182
183
2
2
74
3
183
184
1
3
57
62
185
186
3
1
34
62
185
188
2
3
62
61
186
190
2
2
62
4
187
188
2
2
62
8
187
189
1
3
94
62
189
190
2
3
9
93
191
192
3
1
37
93
191
193
2
2
93
29
192
195
2
2
93
98
193
194
1
2
93
52
194
195
1
3
