49
24
66
66
92
49
21
52
65
21
92
66
19
95
22
80
64
38
21
66
1
98
52
1
1
52
21
69
8
83
97
13
83
83
8
97
97
8
94
96
99
35
68
36
90
42
10
12
35
99
12
12
10
51
12
51
35
41
10
42
86
95
19
86
19
41
41
42
86
25
59
57
87
14
67
48
92
72
49
92
48
88
49
48
48
64
88
54
24
49
16
24
54
88
77
54
54
49
88
72
92
33
33
92
21
33
11
72
6
11
33
21
65
33
33
65
6
63
82
84
84
82
76
45
80
63
45
64
80
84
77
45
45
63
84
88
64
45
45
77
88
85
82
63
22
82
85
85
19
22
41
19
85
58
11
6
6
40
58
58
40
96
96
35
58
78
80
38
51
10
78
38
51
78
38
64
31
31
64
48
48
72
31
72
11
31
50
98
1
0
13
97
7
13
0
27
7
0
16
7
46
46
7
27
46
24
16
47
13
7
47
7
16
39
82
22
76
82
39
54
77
44
44
16
54
44
77
84
84
76
44
47
16
44
44
76
47
70
69
83
39
69
70
70
76
39
47
76
70
83
13
70
70
13
47
90
36
71
94
90
71
71
97
94
0
97
71
96
40
28
56
14
28
20
14
87
28
14
20
20
96
28
20
99
96
6
65
32
32
40
6
28
40
32
32
56
28
68
90
81
81
17
68
68
17
37
37
17
9
30
99
20
20
87
30
26
42
12
30
43
26
12
99
26
26
99
30
25
5
79
79
5
43
30
87
79
79
43
30
89
95
86
3
95
89
86
42
15
15
42
26
26
43
15
89
86
15
43
5
15
15
5
89
73
69
39
39
22
73
22
95
73
73
95
3
57
59
61
61
59
81
81
90
61
61
90
94
75
14
56
67
14
75
75
56
9
9
17
75
18
41
85
18
10
41
78
10
18
85
63
18
63
80
18
18
80
78
91
11
58
31
11
91
35
51
91
58
35
91
91
51
38
91
38
31
23
98
50
37
98
23
23
36
68
23
68
37
50
27
2
2
27
0
2
36
23
23
50
2
71
36
2
2
0
71
50
1
53
53
24
46
53
27
50
46
27
53
66
24
53
1
66
53
32
65
29
65
52
29
9
56
29
29
56
32
60
17
81
75
17
60
60
67
75
81
59
60
55
87
67
79
87
55
60
59
55
55
67
60
55
59
25
55
25
79
4
8
69
4
69
73
73
3
4
4
3
34
74
25
57
74
57
34
74
5
25
89
5
74
74
3
89
34
3
74
34
57
62
62
57
61
62
8
4
4
34
62
94
8
62
61
94
62
37
9
93
93
9
29
93
98
37
93
52
98
29
52
93
