-1.50097574835772629153751722697052e-01
-2.42669000831411435514795016388234e-01
-2.65981083881829893922343899248517e-01
-2.55017156391787624958311653244891e-01
-2.64596919320385759455405150220031e-01
-2.55017156186563509479015010583680e-01
-1.50097575135343913599328402597166e-01
-2.64596918934137448342625020814012e-01
-2.24443613547720799417106718465220e-01
-2.02108515338860456056480074948922e-01
-2.50033664759821638856607251000241e-01
-2.36546765699180983055782689916668e-01
-1.70684246638475228818876416880812e-01
-2.19741403322950057397378031964763e-01
-2.04486149049821180900821104842180e-01
-2.22640933393079248903134725878772e-01
-2.24443613115191981099982854175323e-01
-2.24443613131751235068023220264877e-01
-2.02108515520744574933686976692115e-01
-2.65981083464738921051662146055605e-01
-1.93748752004114704883264153068012e-01
-2.97100494736925790917325684858952e-01
-2.94771991566982249910466862274916e-01
-4.15592281839367513884830884762778e-02
-2.33873805947029417273697049495240e-01
-2.04486148752172941511773274214647e-01
-2.50033664355173712579016864765435e-01
-1.88013897627993475936136746895500e-01
-2.29040155196001182780207727773814e-01
-2.10770284079483005701405318177422e-01
-2.24443612918773877096256796903617e-01
-2.02108515876157968094162242778111e-01
-2.55017155835689846021807625220390e-01
-2.36546765380161699843242217866646e-01
-1.93748752421842779236627052341646e-01
-2.94771991944050792966436347342096e-01
-2.65981084035215809002750120271230e-01
-2.42669001631318215217447686882224e-01
-1.50097574583289122829299344630272e-01
-2.24443613714690737293011579822632e-01
-2.24443612727194485856330175010953e-01
-2.02108515763648077800951341487234e-01
-1.93748751474796809812772835357464e-01
-2.55017155735888956247237047136878e-01
-2.10770283349639681036435945316043e-01
-2.88128468931802161900890268952935e-01
-2.33873806084063745602819039959286e-01
-2.04486148274354628817661705397768e-01
-1.88013897699279286523932341879117e-01
-2.97100494760556221862657366727944e-01
-2.29040156046120907396002053246775e-01
-2.55017156190928906411841126100626e-01
-1.50097575287188034209862053103279e-01
-2.64596919487680659610617794896825e-01
-1.88013898014875946440582765717409e-01
-2.33873805808427592811682416140684e-01
-2.97100494458210462322966805004398e-01
-1.70684246690116697697803260780347e-01
-2.36546765827385790936787657301466e-01
-2.50033664194702465177755357217393e-01
-2.27403586862212792052417853483348e-01
-2.41731740021278979080321391847974e-01
-2.29040156028563618439974902685208e-01
-2.19741403750599612054728027032979e-01
-2.22640932959067033847233574306301e-01
-2.88128469056878777632135779640521e-01
-2.10770284117567319182029450530536e-01
-4.15592277651319966236265202041977e-02
-3.29879859351070892081736474210629e-01
-1.88013897441975968982674771723396e-01
-2.33873805798925332721793779455766e-01
-2.97100494928914438119704755081329e-01
-1.93748751709524991149180550564779e-01
-2.94771991526228072100224153473391e-01
-2.65981083438113996564311491965782e-01
-4.15592283742904008980723062904872e-02
-2.97100495412125409355752481133095e-01
-2.88128467950192590496527600407717e-01
-3.29879858854061291939530065064901e-01
-2.42669001526025635007144387600420e-01
-2.10770283826539006621914040806587e-01
-2.55017156023476521120585402968572e-01
-2.64596919536758512503382689828868e-01
-1.50097575083499967796285545773571e-01
-2.24443613035832600921537505200831e-01
-2.02108515535088628656268383565475e-01
-2.41731740511181347752511783255613e-01
-2.27403587094235692944721449748613e-01
-2.29040155023556929458905528917967e-01
-2.22640933566556842304606789184618e-01
-1.70684246277742451836090253891598e-01
-2.50033664435937497128037421134650e-01
-2.36546766007918879415328206050617e-01
-2.04486148761483854663367765169824e-01
-2.65981083503742166129768520477228e-01
-2.42669001450742133352278528946044e-01
-1.93748751862242413190884349205589e-01
-2.02108514991874321786724522098666e-01
-2.94771991733971006066639120035688e-01
-4.15592277728198955522032065346139e-02
-4.15592289848490253900692437127873e-02
-2.88128468190847419894140557516948e-01
-2.94771991451582726639912834798452e-01
-2.97100494354335276092626827448839e-01
-1.93748752054069273142999918491114e-01
-2.36546765530955022116543773336161e-01
-2.65981083537493723234490516915685e-01
-2.50033664098619101689990884551662e-01
-2.33873806177235771253108964629064e-01
-2.36546766198043073581303019636835e-01
-2.94771992006057803603624734023470e-01
-1.70684245989305649615630500193220e-01
-2.19741403603723184367879639466992e-01
-2.41731740592029786807160007811035e-01
-2.04486149034723618811426604224835e-01
-2.33873805403648299394703258258232e-01
-1.88013897299642573912592524720822e-01
-2.42669000620995833905624294857262e-01
-1.50097575347420936209275055261969e-01
-2.22640933809125779463400363056280e-01
-2.19741402980536321143389955068415e-01
-2.19741403084026509784365543964668e-01
-2.41731740109854514875209474666917e-01
-2.04486148179610832675834330984799e-01
-2.22640934078864261014274461558671e-01
-2.33873805961880926185258999794314e-01
-2.97100494652938751372062142763752e-01
-1.88013897476475150272179348576174e-01
-2.50033664891499529669971479961532e-01
-2.94771991480635542348665012468700e-01
-2.29040155678328943844590526168759e-01
-2.27403586619781439281950952135958e-01
-2.10770284082949316273314366299019e-01
-2.24443613786856954739334923942806e-01
-2.55017156494040331260464427032275e-01
-2.24443612726366925613774583325721e-01
-4.15592279486288046497222126163251e-02
-2.94771991945005418234160288193380e-01
-2.88128468625891254184523404546781e-01
-1.93748751320868495273685994106927e-01
-2.65981083875371837610401826168527e-01
-2.42669000547317409433034640642290e-01
-1.50097575268574007223421062917623e-01
-1.93748752686766972930243468908884e-01
-2.36546765450465990010542327581788e-01
-2.02108515710392760977853754411626e-01
-2.65981083058895617643457853773725e-01
-2.55017156124097754688051509219804e-01
-2.64596919392719176489237042915192e-01
-1.70684246331993194623066756321350e-01
-1.70684246614046047918478166138812e-01
-2.50033664094614083150958094847738e-01
-2.27403586845735389276867977059737e-01
-2.64596919345939318723992528248345e-01
-2.41731740539964157221675122855231e-01
-2.22640933599332152548200269848166e-01
-1.70684245535868833743009531644930e-01
-2.50033665137010141510387484231615e-01
-2.41731739844340376421882865543012e-01
-2.22640934153653907712211434954952e-01
-2.19741403135952695357957509258995e-01
-2.29040155415451834874929204488581e-01
-2.10770283992681994877926854314865e-01
-2.27403587011212521273861852932896e-01
-2.64596919806352859350084827383398e-01
-1.50097575415140738197550263066660e-01
-1.88013897492059767202476905367803e-01
-2.29040155695308722538783285926911e-01
-2.33873805797428252484237987118831e-01
-2.04486148494984226742232635842811e-01
-2.19741403150664676990899693009851e-01
-2.65981083564493681059559548884863e-01
-2.02108515648421499522058297770855e-01
-2.42669000740267010174378015108232e-01
-1.50097574710802317277114070748212e-01
-2.10770283656982776454569261659344e-01
-2.88128469417643195971123759591137e-01
-2.29040155966898695272249142362853e-01
-1.88013897886610686915886958558985e-01
-2.42669000329747308608574485333520e-01
-2.65981083607603641105754377349513e-01
-2.88128468939566284579001376187080e-01
-2.55017155896252123437051295695710e-01
-2.64596920117032063934914276615018e-01
-1.93748751977263100609860657641548e-01
-2.94771991513094022696606089084526e-01
-2.36546766044610973223072392102040e-01
-2.02108515640624208931086513985065e-01
-1.88013898344562724318507207499351e-01
-2.10770283639510613848955244975514e-01
-2.29040155883407120507300192002731e-01
-2.97100493604506021849687158464803e-01
-2.33873805898002801173518605537538e-01
-4.15592285369093608626833713515225e-02
-3.29879859056695812213888530095574e-01
-2.22640933539559243703465085673088e-01
-2.19741403642642579852051198940899e-01
-2.41731740619027940519814023900835e-01
-2.19741403439233595751289840336540e-01
-2.27403586625292947198673232378496e-01
-2.41731740063592659417679442412918e-01
-1.70684245362522690747653086873470e-01
-2.50033664977664160655734804095118e-01
-2.22640934252115563207752302332665e-01
-2.04486148382086646568822629888018e-01
-2.19741402937489782587476838671137e-01
-1.50097575002305388958134813037759e-01
-2.42669001182291843576876999577507e-01
-2.64596919544004716140506161536905e-01
-2.27403586176762761983383143160609e-01
-2.29040155893732694236675229149114e-01
-2.24443613210212222774941892566858e-01
-2.02108515058846527345792765117949e-01
-2.24443613370804095907828923373017e-01
-2.24443613340607722728137218837219e-01
-2.55017155863592193121291984425625e-01
-1.50097575842138369894840366214339e-01
-2.04486148819008062282875926030101e-01
-2.22640934072944746136002436287527e-01
-2.50033664386096532439296424854547e-01
-2.41731739688563679324673216797237e-01
-2.19741403556367231875157131071319e-01
-2.27403586740805546684285332048603e-01
-3.29879860131764846009616576338885e-01
-2.88128468765811607266158489437657e-01
-4.15592271374633087654970609037264e-02
-2.97100495148490184593725871309289e-01
-2.10770283863267460233714700734708e-01
-1.88013897543796021372131122006977e-01
-2.10770284241052735518806571235473e-01
-2.42669001329815947620716087840265e-01
-2.29040155556184427121380053904431e-01
-1.50097574756258206329917470611690e-01
-2.64596920440447025413277515326627e-01
-2.27403586503056420742296950265882e-01
-2.88128468824377592660823665937642e-01
-2.10770284134390473163023216329748e-01
-3.29879859251901885741631303972099e-01
-4.15592281940429866815556181336433e-02
-4.15592274245423221046280559676234e-02
-2.97100494939532777660673446007422e-01
-2.41731740238586650937335775779502e-01
-2.29040155242570903082466315936472e-01
-2.27403586789726552819246307990397e-01
-2.19741403274025359770860177377472e-01
-1.88013897558327508496844870933273e-01
-2.33873806368761871787853579007788e-01
-2.04486148637990527987540190224536e-01
-2.64596920056261453169099695514888e-01
-2.55017155731298628129621874904842e-01
-2.36546765721950907890303028580092e-01
-1.93748752801010365454104089621978e-01
-1.70684245631055331315906187228393e-01
-2.02108515264243060460813694589888e-01
-2.27403586663325385508471754292259e-01
-2.41731740604579276032737311652454e-01
-1.70684246461094923930090772046242e-01
-2.22640933300949389606060435653490e-01
-2.04486148626151525986571755311161e-01
-2.64596920383670830556610553685459e-01
-2.55017156413439582962610074901022e-01
-1.70684245909819176656441186423763e-01
-2.36546765461794344931334421744396e-01
-2.02108515420181156230228225467727e-01
-4.15592278600215650485871776709246e-02
-2.94771992319900699719426029332681e-01
-2.88128469172165502243387891212478e-01
-1.93748751629263138429593027467490e-01
-2.65981084220729746547817740065511e-01
-2.42669000256767020129444745180081e-01
-2.88128468324839570602335925286752e-01
-3.29879858876944431766986554066534e-01
-2.10770283859593648978503210855706e-01
-1.88013897437235899534613281502970e-01
-2.33873806008973561532116036687512e-01
-2.97100494367699363706947224272881e-01
-1.70684246287493207594465616239177e-01
-2.27403586846496724716004678157333e-01
-2.50033664866147198324597411556169e-01
-2.36546765567366645832692029216560e-01
-2.41731739589327199180246452669962e-01
-2.22640934103977838898202890050015e-01
-2.04486148017967439560749198790290e-01
-1.93748752301935805997246120568889e-01
-2.94771990944187156635791779990541e-01
-2.65981083780443106068247516304837e-01
-4.15592292136555269133069145937043e-02
-2.88128468219942923678189572456176e-01
-2.42669000553856012425413268829288e-01
-2.33873806052696447954630798449216e-01
-2.97100494431662864869281293067615e-01
-2.50033664745131500861674567204318e-01
-2.94771991529764076922504045796813e-01
-2.36546765690034715978740109676437e-01
