-2.98075694185014894443952471192461e-01
-8.94449422555182671601414767792448e-01
3.33333333206899229406161566657829e-01
-9.56972065273710259525330457108794e-01
-2.60475694074500441210773260536371e-01
-1.27894015036579850042031125667563e-01
-5.96925870869655539330267401965102e-01
-6.73790459852871448376276930503082e-01
4.35529471904897935718992130205152e-01
8.81982590863114035428793613391463e-01
-1.80057738972054570680825236195233e-01
4.35529470932404738636734009560314e-01
6.84496221177878783059611578210024e-01
-5.22969963135903270767812500707805e-01
5.07904854131988270360409387649270e-01
7.18358265817516494777805746707600e-01
4.46379648886606805735510761223850e-01
5.33579057864455696957861619011965e-01
-6.51023181770234327103707983042113e-01
6.23414049779978496346188876486849e-01
-4.33040112847167091292277518732590e-01
-2.58326040959386882267523333212011e-01
-9.65085509848272682376091324840672e-01
-4.33314578931875832301656714662386e-02
3.81201874873394019882510974639445e-01
-6.78649877774604615154885323136114e-01
6.27789354791496556629226688528433e-01
-7.45755248199455489377385219995631e-01
3.98926683106694657254820413072594e-01
5.33579058142708007039800577331334e-01
6.57981877119350633265071337518748e-01
5.22136321094709754397911183332326e-01
-5.42617279098424831751401598012308e-01
-4.14674914895964308314546542533208e-01
5.78205790854936951816966939077247e-01
-7.02654095823714630597578434390016e-01
4.87607625003194322665933668758953e-01
7.89704024005173255140732635481982e-01
-3.72298749002438922328650505733094e-01
3.65995000158407107759828136295255e-02
-9.84939810426293971268307814170839e-01
1.68979426073136346220238124260504e-01
-2.85056719106113687356440777875832e-01
8.53848198317848861016443606786197e-01
4.35529472162127784251595130626811e-01
8.34683147020960136686085206747521e-01
5.24166002013162546369073879759526e-01
1.68979426004243316050690282281721e-01
-2.14380812953746946458721822637017e-01
-8.75509638811107215872198139550164e-01
-4.33040112906570795470173607100151e-01
-5.32054621906482116955316996609326e-01
2.48332387956351235969165713868279e-01
8.09474461857720761770451645134017e-01
7.08078360922926530740539874386741e-01
7.00161143923788281684394974035968e-02
-7.02654095923516908150929793919204e-01
9.65122300888218376258009811863303e-01
-3.86316250955256387800140771560109e-02
-2.58933469970010043947894473603810e-01
-4.10723691824466108357682969653979e-02
9.83772885579558109547804178873776e-01
1.74653857925356953417761474156578e-01
-9.27707559130988568263376237155171e-01
2.74285787038728058606640303196400e-02
-3.72298748052567074484642262177658e-01
9.00311595362630945338366927899187e-01
-3.94868452159046590121960207397933e-01
-1.83079045073741258908839313335193e-01
-7.95153384042918021101797876326600e-01
-3.31306135017882086302165589586366e-01
5.07904854027413921180311717762379e-01
-6.00807874076717873812469861150021e-01
-6.02305563076909078468190728017362e-01
-5.25602423067114798982402135152370e-01
4.81089468186264856974787562648999e-01
3.36606625130324965677885984405293e-01
8.09474461313406612461562872340437e-01
5.97991063781329601489744618447730e-01
8.01149254707039681910885065008188e-01
-2.38025065912960166747414092469626e-02
-5.85937379104385813732847054779995e-01
-8.04637414143347662331962055759504e-01
9.61042118171211434685119456844404e-02
-4.03867751770099370212108169653220e-01
9.09755362482124185774523539294023e-01
9.61042117452929472998235382874554e-02
-8.71282647211967020695055907708593e-01
4.60773808112097726930045382687240e-01
1.68979426041109548339846924136509e-01
3.17976441859266267808692418839200e-01
9.21210008592280082950765063287690e-01
2.24194340900773420033331717604597e-01
-2.02754024956188633188602921109123e-01
3.19104400931047471612345134417410e-01
-9.25777071799956829956101955758641e-01
-7.06625547869734749184544853051193e-01
7.06259668869802292867632331763161e-01
-4.33314576920119168268463738513674e-02
-7.81174256783486842259378590824781e-01
3.08760860914422730072459444272681e-01
-5.42617278849606199386812477314379e-01
6.54055978881070809727305004344089e-01
-2.40130976956336145144987881394627e-01
7.17319935869567215647180091764312e-01
1.32066218023246167989626087546640e-01
8.69690807153082001690336255705915e-01
-4.75601108083714751995074720980483e-01
-5.34987516044199806763970173051348e-01
-4.46363604036877859027043768946896e-01
7.17319936059263807415220526308985e-01
-7.78328971424008475565869957790710e-01
9.19443099500882876640162066905759e-03
6.27789355341999311121981008909643e-01
1.60547937962348702400916522492480e-01
3.40609744920121082500941156467889e-01
-9.26395898782743865140787420386914e-01
7.04064600900365267222014153958298e-01
-6.98524271901149296226662954722997e-01
-1.27894015981901254530583855739678e-01
-4.49105182009030989842557346491958e-01
8.55136243017195929461138348415261e-01
-2.58933469005206917668004962251871e-01
8.65403994615609239993148094072239e-01
2.52095588888025468055076316886698e-01
-4.33040113807654392097390427807113e-01
8.01743607147639925081250567018287e-01
5.60935733103295475210359199991217e-01
-2.06296611037989185977181705311523e-01
5.91558630112884009655260797444498e-01
7.31328358139555434469514239026466e-01
3.39436621064772903189066255436046e-01
1.23192379055018313982472477619012e-01
-8.30897181371082704792740969423903e-01
-5.42617279242335492916993189282948e-01
2.14702722902897935597366085858084e-01
-3.09343465860095423458631103130756e-01
-9.26395898581025445395198403275572e-01
-5.16017119081334629804302949196426e-01
-8.16504618128697456924669495492708e-01
-2.58933469040813102335363282691105e-01
8.49127905770050983580432557573658e-02
-9.74798197736018723347228842612822e-01
-2.06296610944133623766205687388720e-01
-3.75250662115590327694292227533879e-01
-3.12662793096311064644510224752594e-02
-9.26395898285362284774180352542317e-01
-5.24929889056110599021565121802269e-01
-3.45581313036939730132246495486470e-01
-7.77831709083143585381492357555544e-01
-8.31436125856871210970666652428918e-01
-5.27456157909200307187802536645904e-01
1.74653857969933934413120368844829e-01
3.17478448961248438386917314346647e-01
6.44165448921372840729304698470514e-01
-6.95886706915059827238678735739086e-01
-9.92811138719630892346401651593624e-01
1.17300824966874342458744706618745e-01
-2.38025060932781883094033759107333e-02
-7.92121908184088452387072720739525e-01
-5.82258487135316360472359065170167e-01
-1.83079045042547405852673136905651e-01
-2.93403446889191510393857242888771e-01
-6.48221905755188676501177269528853e-01
-7.02654095734631445324680498742964e-01
1.59639052947420201356010238669114e-01
5.11992735831366507781581276503857e-01
8.44025361722006151055097689095419e-01
-6.25578074793087468563612674188334e-01
7.05365834766697452629102826904273e-01
3.33333333889748617551163079042453e-01
4.29972481019766261667314211081248e-01
-1.15385371005304378927425190681788e-02
9.02768258041501181487831217964413e-01
-2.21207982031116801024950291321147e-01
8.21467663115553858865780512132915e-01
-5.25602423073935232089581859327154e-01
1.26200044049541743040876440318243e-01
1.78605340070114221306951662882057e-01
9.75793872383062588227176092914306e-01
-2.04993573914214188835813956757192e-01
3.78136358841757280746520564207458e-01
9.02768258622208996655444934731349e-01
9.15767402328264285005232636649453e-02
-1.98595114071188016957592026301427e-01
9.75793872349781321595685312786372e-01
3.63579189852670514593313555451459e-01
-3.94247842840242945783302275231108e-01
8.44025361657984141139365874551004e-01
5.61747140877132511427305416873423e-01
-2.81811962938360971442364188987995e-01
-7.77831708829869628019082483660895e-01
-2.13029897999999992848625851993153e-10
1.12479380999999993804010625114443e-10
-1.00000000000000000000000000000000e+00
-8.86656398106267618075548853084911e-01
4.13862465049602334943301684688777e-01
-2.06296611024725073946228803833947e-01
-8.19207441537104119611001351586310e-01
-3.20472703210114340244274444557959e-01
-4.75601108311822506902188933963771e-01
-1.19068462061412222441347807944112e-01
6.86494581354075039669737634540070e-01
7.17319936369973820688983323634602e-01
-5.23218241924556348720898313331418e-01
-1.17744892983022181320862387110537e-01
8.44025361878298685525123801198788e-01
6.38803048759380764920479123247787e-01
-7.35980680722776670066309634421486e-01
2.24194340915552264847931951408100e-01
3.94820074922873021083802314024069e-01
-9.18450079820583464851324606570415e-01
-2.38025064953502514530914169199605e-02
-2.79070422043227128749975918253767e-01
-6.96265605107849405719377955392702e-01
6.61312261102435128279353193647694e-01
-5.42520418949981708678365066589322e-01
2.62963714975755713521010648037191e-01
-7.97823087926443741402238174487138e-01
8.72508494906608977892403800069587e-01
-4.56316727951157019571581940908800e-01
1.74653857981305477009570381596859e-01
7.42518913003541003448049195867497e-01
1.06450727000507658348560369176994e-01
6.61312261003153767369155957567273e-01
-4.63448490059699791387970435607713e-01
5.89814878075977877536217874876456e-01
6.61312261085187924614103849307867e-01
4.40099932907771496104487596312538e-01
-8.17132602828759546653714096464682e-01
-3.72298748921980116044494479865534e-01
4.35269519073896507532772659487819e-02
-6.01318322102086910696527866093675e-01
-7.97823088135447888724627318879357e-01
4.98993466265795548864048214454670e-01
3.38354607180229083329692230108776e-01
-7.97823088424971182952560866397107e-01
3.97127097079023883008375150893698e-01
6.69455446133214171489100863254862e-01
6.27789355124923176276752201374620e-01
3.77729529949145992340220345795387e-01
1.60379360978408005977691175303335e-02
-9.25777071875361956543315500312019e-01
-2.17776782907798921451458795672806e-01
1.99897735915368461590002624461704e-02
9.75793872586874000418788455135655e-01
6.87141222660098582863952287880238e-01
-5.49218103728323692180879334046040e-01
-4.75601108764739044509894938528305e-01
3.37569622017851678208444354822859e-01
-8.77968980046429536834295959124574e-01
3.39436622017950440088895902590593e-01
3.99124417920770468981572776101530e-01
-5.97027126881485181719710908510024e-01
-6.95886706861860715456202797213336e-01
8.22015854974325721471473116253037e-01
-2.19162099993154863009081623204111e-01
-5.25602423983583699751420681423042e-01
9.64951588825639583468785076547647e-01
2.58825840953231856023109003217542e-01
-4.33314582921702912132744245354843e-02
1.10657162997008090554729164978198e-01
8.54276097976902404340648899960797e-01
5.07904853986267390553166478639469e-01
-1.74975505930826003009315172675997e-01
-3.35142336867506385189585671469104e-01
-9.25777071634007686640188694582321e-01
9.23653769549693137719259539153427e-01
1.89083587907816486062273497736896e-01
3.33333332837490725619744580399129e-01
-2.24978906124587096915234951666207e-01
-3.66597822203011736164057765563484e-01
9.02768258499928144544810493243858e-01
-3.68172519937281020330210878910293e-02
6.27393275893122215336461522383615e-01
-7.77831708867494642234419188753236e-01
-7.16602867717927360935448177770013e-01
-4.71383217814451901950256740292389e-02
-6.95886706726081771812175702507375e-01
-9.29128251516902814444165414897725e-01
1.46640621923754682631724222119374e-01
3.39436621823511031070808030563057e-01
5.09651552843446153939765963514219e-02
-5.84939012820319348406883364077657e-01
8.09474461751346963112041521526407e-01
9.89805131026206597155692179512698e-01
-1.05117949002783150902473607857246e-01
9.61042111025445094929509082248842e-02
-1.08189686999416875834434392800176e-01
9.77126938994733351684374156320700e-01
-1.83079044999013229588769036126905e-01
2.73969824903348008193759710593440e-02
-8.45306331701790036881050127703929e-01
5.33579057811762291763102439290378e-01
-9.56779490491585726807954870309914e-01
-1.85229328095169371026784688183398e-01
2.24194341115189266222529340666370e-01
2.52907464100185164213030475366395e-01
9.58999966379892154755282263067784e-01
-1.27894015050663112376128083269577e-01
