5.46533057825343338009815852274187e-01
1.65396134562401903034256633873156e-01
1.39300145007838022115365106401441e-01
1.39300145007838022115365106401441e-01
1.39300145007837966604213875143614e-01
1.39300145007837966604213875143614e-01
1.39300145007837994359789490772528e-01
1.39300145007838022115365106401441e-01
1.39300145007837966604213875143614e-01
1.39300145007838022115365106401441e-01
1.39300145007837994359789490772528e-01
1.39300145007837966604213875143614e-01
1.65396134562401903034256633873156e-01
1.65396134562401792011954171357502e-01
1.39300145007837966604213875143614e-01
1.39300145007837994359789490772528e-01
1.39300145007838022115365106401441e-01
1.39300145007837966604213875143614e-01
1.39300145007838022115365106401441e-01
1.39300145007837994359789490772528e-01
1.39300145007837966604213875143614e-01
1.39300145007837966604213875143614e-01
1.39300145007838022115365106401441e-01
1.39300145007838022115365106401441e-01
1.65396134562401903034256633873156e-01
1.65396134562401903034256633873156e-01
1.65396134562401792011954171357502e-01
1.65396134562401792011954171357502e-01
1.65396134562401792011954171357502e-01
1.65396134562401903034256633873156e-01
1.65396134562401903034256633873156e-01
1.39300145007838022115365106401441e-01
1.39300145007837966604213875143614e-01
1.39300145007838022115365106401441e-01
1.39300145007837994359789490772528e-01
1.39300145007837966604213875143614e-01
1.39300145007837966604213875143614e-01
1.39300145007837994359789490772528e-01
1.39300145007838022115365106401441e-01
1.39300145007837966604213875143614e-01
1.39300145007838022115365106401441e-01
1.39300145007837966604213875143614e-01
1.39300145007837994359789490772528e-01
1.39300145007838022115365106401441e-01
1.39300145007837966604213875143614e-01
1.39300145007838022115365106401441e-01
1.39300145007838022115365106401441e-01
1.39300145007837966604213875143614e-01
1.39300145007838022115365106401441e-01
1.39300145007837994359789490772528e-01
1.39300145007837966604213875143614e-01
1.65396134562401903034256633873156e-01
1.65396134562401792011954171357502e-01
1.65396134562401903034256633873156e-01
1.65396134562401792011954171357502e-01
1.65396134562401792011954171357502e-01
1.65396134562401903034256633873156e-01
1.65396134562401903034256633873156e-01
1.39300145007838022115365106401441e-01
1.39300145007837966604213875143614e-01
1.39300145007838022115365106401441e-01
1.39300145007837994359789490772528e-01
1.39300145007837966604213875143614e-01
1.39300145007838022115365106401441e-01
1.39300145007838022115365106401441e-01
1.39300145007837966604213875143614e-01
1.39300145007837966604213875143614e-01
1.39300145007837994359789490772528e-01
1.65396134562401903034256633873156e-01
1.65396134562401792011954171357502e-01
1.39300145007837994359789490772528e-01
1.39300145007837966604213875143614e-01
1.39300145007837966604213875143614e-01
1.39300145007838022115365106401441e-01
1.39300145007838022115365106401441e-01
1.39300145007837966604213875143614e-01
1.39300145007837994359789490772528e-01
1.39300145007838022115365106401441e-01
1.39300145007837966604213875143614e-01
1.39300145007838022115365106401441e-01
1.65396134562401903034256633873156e-01
1.16659313917183204978300636867061e+01
3.65871220851215328551120364863891e+00
1.02405832074679503662650859041605e+00
