-3.14667193018167479223734517290723e-01
-3.14667193018167479223734517290723e-01
-3.14667193018166757578768510938971e-01
-3.91982168776436268320395583941718e-01
-3.91982168776435657697732040105620e-01
-3.14667193018167479223734517290723e-01
-3.91982168776435657697732040105620e-01
-3.91982168776435657697732040105620e-01
-3.14667193018166424511861123392009e-01
-3.91982168776435657697732040105620e-01
-3.14667193018166424511861123392009e-01
-3.14667193018167090645675898485933e-01
-3.91982168776435657697732040105620e-01
-3.91982168776436268320395583941718e-01
-3.91982168776435657697732040105620e-01
-3.14667193018166424511861123392009e-01
-3.91982168776435657697732040105620e-01
-3.14667193018167479223734517290723e-01
-3.91982168776435657697732040105620e-01
-3.14667193018167090645675898485933e-01
-3.14667193018166424511861123392009e-01
-3.14667193018166757578768510938971e-01
-3.14667193018166757578768510938971e-01
-3.14667193018166757578768510938971e-01
-3.91982168776435657697732040105620e-01
-3.91982168776435102586219727527350e-01
-3.14667193018166424511861123392009e-01
-3.91982168776435657697732040105620e-01
-3.91982168776436268320395583941718e-01
-3.14667193018167479223734517290723e-01
-3.91982168776435102586219727527350e-01
-3.14667193018166424511861123392009e-01
-3.14667193018167479223734517290723e-01
-3.91982168776435657697732040105620e-01
-3.91982168776435657697732040105620e-01
-3.91982168776435102586219727527350e-01
-3.91982168776435102586219727527350e-01
-3.14667193018166424511861123392009e-01
-3.91982168776436268320395583941718e-01
-3.14667193018167479223734517290723e-01
-3.14667193018167479223734517290723e-01
-3.14667193018167479223734517290723e-01
-3.14667193018167479223734517290723e-01
-3.14667193018167479223734517290723e-01
-3.14667193018167479223734517290723e-01
-3.14667193018166757578768510938971e-01
-3.14667193018166757578768510938971e-01
-3.14667193018166757578768510938971e-01
-3.14667193018166757578768510938971e-01
-3.14667193018167479223734517290723e-01
-3.14667193018166757578768510938971e-01
-3.14667193018167479223734517290723e-01
-3.91982168776435657697732040105620e-01
-3.91982168776436268320395583941718e-01
-3.91982168776435657697732040105620e-01
-3.91982168776435657697732040105620e-01
-3.14667193018167479223734517290723e-01
-3.91982168776435657697732040105620e-01
-3.14667193018166424511861123392009e-01
-3.91982168776435657697732040105620e-01
-3.91982168776435657697732040105620e-01
-3.91982168776435657697732040105620e-01
-3.14667193018167090645675898485933e-01
-3.91982168776436268320395583941718e-01
-3.91982168776435657697732040105620e-01
-3.14667193018166424511861123392009e-01
-3.14667193018167479223734517290723e-01
-3.91982168776435657697732040105620e-01
-3.91982168776435657697732040105620e-01
-3.91982168776435657697732040105620e-01
-3.14667193018167090645675898485933e-01
-3.91982168776436268320395583941718e-01
-3.91982168776435657697732040105620e-01
-3.14667193018166424511861123392009e-01
-3.14667193018167479223734517290723e-01
-3.91982168776435657697732040105620e-01
-3.91982168776436268320395583941718e-01
-3.91982168776435657697732040105620e-01
-3.91982168776435657697732040105620e-01
-3.14667193018167479223734517290723e-01
-3.91982168776435657697732040105620e-01
-3.14667193018166424511861123392009e-01
-3.14667193018167479223734517290723e-01
-3.14667193018166757578768510938971e-01
-3.14667193018166757578768510938971e-01
-3.14667193018167479223734517290723e-01
-3.14667193018166757578768510938971e-01
-3.14667193018166757578768510938971e-01
-3.14667193018166757578768510938971e-01
-3.14667193018166757578768510938971e-01
-3.14667193018166757578768510938971e-01
-3.14667193018166757578768510938971e-01
-3.91982168776435102586219727527350e-01
-3.91982168776436268320395583941718e-01
-3.91982168776435657697732040105620e-01
-3.91982168776435102586219727527350e-01
-3.91982168776435657697732040105620e-01
-3.14667193018167090645675898485933e-01
-3.14667193018166424511861123392009e-01
-3.91982168776436268320395583941718e-01
-3.91982168776435102586219727527350e-01
-3.91982168776435102586219727527350e-01
-3.91982168776435657697732040105620e-01
-3.91982168776435657697732040105620e-01
-3.14667193018167090645675898485933e-01
-3.14667193018167479223734517290723e-01
-3.14667193018167479223734517290723e-01
-3.14667193018166757578768510938971e-01
-3.91982168776435657697732040105620e-01
-3.91982168776435657697732040105620e-01
-3.91982168776435657697732040105620e-01
-3.91982168776435657697732040105620e-01
-3.91982168776436268320395583941718e-01
-3.14667193018167479223734517290723e-01
-3.91982168776435657697732040105620e-01
-3.91982168776435657697732040105620e-01
-3.91982168776435657697732040105620e-01
-3.91982168776436268320395583941718e-01
-3.91982168776435657697732040105620e-01
-3.14667193018167479223734517290723e-01
